X (øst) koordinat UTM 32 Euref89
656877.73
657184.52
658994.97
659432.71
659868.63
660305.96
676489.41
676397.11
675095.89
675006.94
674918.24
660735.63
662210.98
662579.66
662949.93
662220.71
662590.21



674535.079999999
683343.71
708265.85
685730.95
685930.56
686131.42
703099.59
698349.67
695424.05
683437.92
683247.89
683532.25
683627.48
683721.54
683529.81
683790.05
684046.73
708365.66
708465.22
708564.83
700250.57
692338.33
692173.33
703715.64
703657.87
703857.19
698826.42
703913.84
693218
681788.9
690782.17
698068.949999999

696574
696496
696417
696339
696261
645138.79
645007.56
645270.25
647543.35
647547.71
647552.34
649549.18
649560.68
649572.56
648216.29
648358.34
648500.53
640149.58
640002.65
641997.34
642147.46
649835.45
649738.17
639376.3
639297.72
639218.31
638084.2
638029.09
638633.7
638801.44
638969.37
648069.73
647928.64
647793.77
647926.86
648072.19
647999.48
649537.46
649584.24
640327.2
640532.3
640735.87
637005.459999999
636187.66
636192.28
636797.61
627520.63
627635.9
627695.98
627802.25
634855.5
634991.66
638243.24
630131.589999999
642764.25
639656.49
639631.75
639608.56
637973.73
647587.7
647693.85
647800.23
644173.74
644101.03
644029.02
622983.8
641745.849999999
640308.62
629600.52
629305.52
629895.52
629010.51
628420.51
628715.52
651593.57
651335.57
651078.57
651850.57
652108.58
652365.57
631099.62
634963.91
640936.51
636403.069999999
645057.579999999
642469.719999999
640276
640619
643042
643022
643002
649811.849999999
639164.599999999
639666.01
641866.06
632778.829999999
636358.739999999
642799.42
638141.77
634963.91
671882.99
680412.84
683220.48
672028.22
680126.04
682114.87
671090.3
670981.37
671198.61
680055.41
679487.59
681922.34
672803.86
672694.11
668283.15

644932.77
645044.74
645157.87
650680.59
650597.93
648533.22
648564.89
648596.69
643865.02
643860.67
643856.57
648745.68
648895.86
649045.2
644332.44
644465.51
644599.86
640800.02
641020.07
643049.16
643084.72
643122.33
651734.12
651745.85
651756.54
654078.57
654142.87
648782
648916.48
649050.67
650216.02
651120.63
651047.72
640731.7
640873.35
641014.8
655175.99
654975.16
655373.9
649860.63
650662.01
649060.89
649018.88
643236.19
643369.68
643504.79
641820.99
641949.53
642079.64
649614.71
649748.94
653285.55
653362.72
653439.68
652676.19
642275.37
643006.09
642371
642363.83
646028.84
649815.33
639469.93
647193.81
651842.76
642484.55
637183.02
648756.3
657432.9
651857.33
651907.98
650491.82
654635.71
654775.18
654575.98
654374.79
648976.85
648892.75
649783.98
650586.89
648934.68
654207.23
641923.439999999
642983.38
653239.53
644215.53
644330.35
644444.6
644694
644555.05
644416.43
650078.58
649946.22
640792.06
641022.41
650210.84
639855.729999999
640625.31
653283.37
642383.2
625628
625193.19
624757.19
624321.12
623885.19
623448.19
623011.94
650872.449999999
647148.27
643266.699999999


717420.28
717440.84
702666.82
702679.08
706240.77
712500.88
717619.48
717461.35
708700.56
702691.16
711986.73
711991.39
712006.3
712017.05
712027.9
706227.7
706214.16
717021.98
717056.62
714076.79
709776.12
713667.88
714070.849999999
713467.479999999
710412.439999999


709970.25
648575.21
648584.88
648593.2
648603.78
662512.68
662145
661792
691837.19
691962.65
692086.07
682293
682314.18
682335.1
682356.98
682380.38
680396.65
679150.34
682218.82
682187.25
682156.78
681692.29
686395.41
682687.44
682886.92

642793.24
642994.11
634348.81
634337.69
634325.41
632520.88
632731.28
632749.11
651844.19
651620.09
651753.49
659307.89
659289.9
660985.7
657607.57
652540.01
649941.41
650635.96
650811.69
650982.72
651155.85
651329.68
651502.14
651676.17
651849.24
654095.12
654091.38
654411.04
653923.88
654088.27
654247.67
654403.26
654254.78
654414.29
657528.54
657839
657914.64
657685.89
657765.37
657990.75
661557.819999999
641964.41
662505.91
634412.08
651204.43
630182.66
656463.31
642593.4
631381.5
633680.02
640988.84
656177.78
637826.03
637906.05
635681.26
661688.1
630243.93
636893.65
643130.51
639451.09
635598.77
640472.71
638937.45
638778.59
644826.88
635595.96
633463.04
648017.69
642140.74
642083.87
642338.74
641650.7
641839.28
641279.51
640525.71
644562.32
632114.88
642570.3
634459.99
634427.26
642310.17
643323.01
657482.3
657595.54
657707.57
657373.77
657487
657599.47
632540.28
642679.15
657368.87
657269.34
651906.64
651829.46
651983.54
656961.77
657103.02
657243.92
657384.98
657153.97
657295.83
657436.43
637189.09
637751.25
637494.22
636825.49
636730.43
637413.76
637538.26
633678.62
632606.99
632683.76
632434.02
632510.3
632261.42
633496.44
634425.64
645625.14
638001.58
651341.11
637080.94
663805.48
639306.6
639204.32
639159.08
639260.38
641764.12
651530.31
642877.65
642484.01
631903.72
631741.02
632282.01
632363.53
632432.4
632665.76
632744.12
653381.3
635589.29
635437.62
635286.52
653927.58
653764.75
653761.37
660625.67
661164
661668
662261
662775
663314
663841
664332
664852
665372
665833
666345
666828
667313
667777
668257
668727
669201
660189
660729
661277
661833
662355
662909
663455
663971
664417
665068
665567
666116
666645
667170
667685
668217
668741
669269
659755
660293
660841
661405
661934
662505
663070
663610
664182
664766
665301
665935
666463
667027
667592
668177
668756
669337
659321
659858
660404
660977
661514
662100
662684
663249
663847
664463
665036
665657
666280
666884
667500
668137
668821
669405
658887
659422
659968
660549
661093
661696
662298
662888
663512
664160
664770
665428
666097
666741
667407
668097
668786
669354
635113.39
638997
639037
639176
639315
639454
647897
647806
647715
654403.64
654127.42
637660.41
633388.329999999

660669
660603
660536



660420.77


646587
646900
647202
647528
647845
648161
648477
648797
649108
649456
649804

630409
630254
630162
630138
630181
630292
628740
628930
629189
629500
629770
629484
629880
633222
633490
633757
634027
632541
632807
633074
633341
633608
644923
645231
645539
645847
646153
646460
646766
647072
644782
644459
644136
658719.37
658752.36
672085.85
672097.86
671681.91
673773.69
665686.39
670972.4
664383.54
664503.56
664623.66
664744.21
687156.83
678905.91
678882.95
660373.72
658686.05
674137.32
665693.83
661468.93
661480.44
661474.87
661160.96
661261.63
661361.5
661535.3
661664.82
660860.05
667943.9
662097.65
662064.51
667858.56
660538.22
674287.44
674437.55
668053.79
667664.03
660806.54
679203.69
679243.49
660725.43
671385.33
671390.85
671396.7
663852.91
663775.26
660623.42
668134.16
684986.53
684975.01
684962.52
663118.78
663109.23
663127.54
675760.75
675993.95
673380.85
673506.93
671373.56
671378.69
663378.18
663195.46
663012.58
682070.67
684275.5
672084.589999999
660683
656749.69
666142.03
656706.97
656663.29
656621.88
666226.21


684368.17
683988.939999999
688986
688759
688532

666925
667384
667842
689977.23
682172.5
682318.3
682250.49
689884.48
669782.12
669765.05
677934.6
667655.94
663517.13
663323.02
663379.83
663567.41
663569.23
663436.98
663620.93
681873.719999999
688136.04
687893.21
677648.42
681752.78
688234.15
686649.08
686570.59
686457.11
682731.58
688052.48
668758.66
675120.37
683756.11
666585.42
677464.46
686493.01
674097.42
688503.87
687839.86
688811.24
685584.88
682370.01
669799.13
687653.58
692503.45
669816.07
681896.44
682173.2
682451.68
682510.55
682225.91
677825.07
677830.67
677840.68
677845.76
696808.44
696812.64
678099.89
678586.6
679074.04
679560.86
695981.56
666275.89
666246.68
666218.8
666189.08
693254.32
693518.22
693781.16
686649.89
684376.37
687122.17
697777.38
688772.57
688165.7
688316.86
688468.6
664012.09
664217.8
664423.67
664631.36
680790.52
680787.58
688620.36
685713.46
686163.84
685229.57
686543.89
669697.09
689563.53
689527.39
669748.11
689491.53
679443.06
669714.32
669731.26
679639.49
679836.7
679244.87
679046.98
678850.49
676901.48
677100.72
677301.03
677923.37
677928.84
668332.67
685747.13
685783.82
685679.55
672504.05
672522.4
672540.4
672558.9
672576.9
672595.1
672613.4
672631.7
672649.7
673363.1
673381.4
673399.8
673417.8
673436.3
673454.6
673473.1
673491.3
673509.7
674222.1
674240.4
674258.8
674277.3
674295.6
674314.2
674332.6
674351
674369.8
675081.1
675099.4
675118.1
675136.6
675155.1
675173.6
675192.1
675210.6
675229.1
675940.1
675958.7
675977.2
675995.6
676014.5
676032.9
676051.5
676070.2
676088.8
676799.1
676817.6
676836.4
676855.1
676873.7
676892.4
676911.2
676929.9
676948.7
677658.2
677676.8
677695.4
677714.4
677733.2
677751.9
677770.8
677789.6
677808.3
678517
678536
678554.9
678573.7
678592.6
678611.4
678630.3
678649
678668.2
682876.05
687218.27
687280.18
687342.14
691680.989999999
693933.81
697526.099999999

666171.949999999
673627.239999999
688308.16

698761.859999999
672084.38

700376.03
669427.209999999
698016.77

677201.37
677913.8
694161.599999999
672467.959999999

677627.87
684654.68
686286.13
668574.28
674015.489999999
694997.93



701408.77
701395.15
681638.93
681547.15
681413.53
681491.84
681625.51
680867.89
681086.74
681305.9
681523.94
681743.3
710852.12
713969.34
702705.2
709663.72
716990.05
695799.22
701324.97
695732.89
701266.27
701189.46
691593.35
710895.28
701381.83
707452.46
711659.12
711469
711279.09
694939.44
694978.61
695018.74
710688.19
711016.6
713889.57
713929.78
693119.11
693213.75
694535.01
694441.18
694627.96
693305.43
700245.78
709932.319999999
718867.43
684377.31
716063.209999999
716670.849999999
704181.5

866807.47
866999.24
867191.01
885914.7
886062.18
886209.57
868490.05
869201.84
869314.34
873847.3
866874.06
887346.13
864769.63
867150.88
886442.88
886239.56
886036.75
866078.45
865966.9
865855.74
863704.57
863832.01
863959.87
874722.54
874637.42
874551.59
874465.6
874379.66
864352.36
864411.04
864469.5
875777.27
875855.83
875934.32

891865.42
891865.42


881673.63
880726.819999999

866970
866800
866630
885815.02
863436.739999999
874175.41
889023.79
884033.63
886697.65
882695.67
887790.109999999



551393.2
551498.6
551097.72
550838.98
550795.31
551525.4
566518.8
556411.8
559139.01
557464.34
560679.91
560820.92
560267.87
552338.3
552404.77
552471.99
554394.65
558347.36
555358.57
557189.99
552045.28
554561.43
554477.94
557034.627
577227.83
578620.83
577875.79
578085.84
578296.08
571135.3
573027.79
571027.29
567229.68
567072.57
566916.07
570713.1
573782.27
565305.6
565560.23
569380.51
562160.76
569135.8
566814.12
566921.46
567029.83
562176.1
569104.61
568736.85
567272.77
574859.93
564380.61
564360.37
564339.87
575005.05
569304.47
569542.77
569397.02
565051.39
567702.95
567497.92
579399.44
579600.25
563138.27
563199.33
563260.53
573818.25
579594.78
579493.67
568921.45
557716.26
562994.989999999
563103.28

562804.39
600826.44
582602.61
588979.63
582591.95
590113.7
582642.96
592070.15
592256.42
592305.2
602427.33
588198.67
587019.97
598362.06
586128.13
585910.14
569118.26
571681.74
571680.39
571684.5
585797.46
580061.88
586009.65
586002.38
580988.81
598231.75
598135
588473.81
587622.979999999


599396.89

599624.449999999
596554.03
570662.91
602836.88
602799.24
604215.34
604187.12
604158.84
597112.43
597196.26
597028.88
597279.04
595956.83
595701.16
595443.49
595188.26
598420.11
598179.87
598134.26
607193.43
607239.25
607285.28
604831.35
604799.16
604767.65
609801.08
609778.99
602071.02
606894.7
607597.04
610741.24
610364.92
610254.82
606031.35
606056.55
606081.8
611525.11
611509.87
611494.53
606377.12
606173.99
608480.93
608630.06
608780.14
610311.48
610352.69
610393.6
606642.13
611553.47
606534.52
603435.09
603256.89
603243.95
610598
610495
610520
596472.03
593534.77
587539.56
587600.96
586154.44
593669.61
595210.44
592342.01
592437.65
595397.63
595584.29
579898.11
580064.4
579991.56
587713.13
587684
599048.33
610142.95
596008.27
595999.47
595990.59
596821.56
608286.73
608137.06
596872.24
596773.5
602491.54
607434.02
605984.4
606149.44
601997.01
601817.2
601637.65
607452.11
607467.28
589756.05
589479.8
590533.92
590533.91
589581.21
603678.76
603626.59
603576.28
607305.65
607572.86
607840.11
604979.38
604907.2
604840.99
594422.16
594539.18
594284.99
603347.45
601384.08
601109.28
596285.75
610289.78
604842.41
607334.03
598105.88
597955.01
597837
597830
602400
592943.089999999
587092.86
572651.25
585177.01
573686.3
577942.31
577961.37
578151.25
578159.98
577951.67
589376.7
589382.72
573833.56
573821.02
585138.93
579296.21
579269.21
579241.96
581817.17
581801.23
581782.25
585924.39
586174.82
586425.64
589699.2
589433.84
589365.29
583983.5
583938.63
584583.51
584389.7
584195.34
572926.71
573009.82
572227.31
571991.4
583894.47
573291.52


612870.32
612901.59
611818.04
611915.47
612979.47
613930.41
612894.58
614051.69
614010.64
613970.64
612933.27
612964.57
611951.1
612117.93
611978.6
610488.8
610240.53
609360.49
607586.09
608653.04
608895.13
609351.44
609296.29
611227.98
609338.72
607925.27
609955.93
612809.96
618050
619559.82
620019.76
603513.41
611214.21
610747.24
612282.27
607939.13
609624.05
622121.53
622252.26
622186.53
609737.01
609259.35
609406.87
610976.38
611946.84
620388.82
621400.94
621331.16
621261.17

619577
611617.55
619908.449999999
613422.829999999
611180.609999999
620651.199999999
620510.17
620363.68
612140.37
612658.65
611176.29
611061.88
607214.839999999

589428.15
589773.05
590118.25
590758.7
591043
591328

587663.4
504848.81
503666.62
503652.63
504262.76
504107.78
504030.19
504220.86
504300.46
504378.04
504455.25
505938.61
505913.9
504185.03
520289.28
506929.37
507037.79
506843.8
498089.38
498164.8
498267.8
505778.08
520507.97
517263.29
529290.74
529507.19
517938.66
517951.92
517964.98
517978.63
523209.58
515666.3
524867.65
538692.85
538165.99
535298.43
535517.23
535736.23
524636.3
522423.56
519434.31
540473.55
538530.94
529388.34
534868.6
523633.49
522389.76
522586.44
521939.55
520872.82
520063.74
521472.26
524858.09
517866.46
523913.59
522458.74
540133.2
539853.63
539571.5
529529.06

497656.71

537317.109999999
516818.909999999
495003.38
494956.64
491653.34
491729.6
491905.92
491853.16
499391.07
499472.6
499655.45
499736.88
499554.87
499573.81
492449.73
492260.36
492069.27
491883.59
501296.85
501485.6
501674.43
501862.63
487562.92
488228.02
487896.25
488215.8
487882.91
488203.08
487870.37
487550.73
487537.42
491991.21
491990.81
499948.02
499900.71
488143.07
489823.89
489780.93
506495.05
503497
503232
502967
502702
490580
490314.25
490050.39
486574.74
486597.49
486619.99
487059
487081.5
487104.01
503018
502912
502805
501023.33
500084.95

503495
503347
503200
490932.81
547404.86
547561.09
543796.02
543834.03
567022.74
567084.31
567257.7
567319.06
567492.98
567553.95
567727.9
562698.77
551334.86
551605.4
555809.74
555858.94
546249.28
546868.31
560879
561019





547517.14

542154.219999999

504688.32
497431.17
504731.28
502924.08
506140.77
506120.53
506160.21
506101.04
497252.11
497271.63
497290.84
500797.42
500450.47
500624.19
512818.84
512783.54
512753.28
512720.46
512683.8
513058.08
513024.47
512991.03
504838.11
511275.32
497331.1
502697.32
502638.38
502667.8
502726.8
503120.18
503090.54
503061.11
496532.26
495890.2
495917.06
496862.46
497791.85
501028.77
501010.6
501219.1
501234.83
501444.05
501428.33
501638.56
496555.8
484109.78
486313.66
486408.41
480281.35
480192.1
484244.76
486510.88
484576.12
493227.01
485623.95
487506.5
494297.2
479604.66
486858.88
487033.46
487334.86
481675.1
501288.22
487141.28
481884.23
481930.17
482096.1
482049.52
487873.99
485042.97
484579.92
486467.2
491268.12
491374.03
485119.12
485431.15
483657.95
486474.75
485070.23
498174.79
491146.19
490857.3
490571.51
489667.94
491092.94
491085.45
491077.72
486168.03
487291.27
492689.61
497802.2
500123.17
500065.04
497811.11
495977.52
500179.04
492089.98
491885.98
491861.89
485742.53
486052.81
486309.57
486011.13
485699.83
485388.28
490903.57
485693.61
481494.61
490555.38
502951.47
502992.01
502971.19
493421.99
481584.62
484025.91
486519.23
480739.59
480727.93
488567.52
484359.95
478728.62
497753.32
488956.6
489210.82
489471.35
489726.55
489981.12
490234.5
488701.61
485348.05
490201.74
489695.42
489949.62
498544.92
487896.62
488071.94
492804.45
492902.58
490877.25
500663.53
500261.35
492451.98
492621.4
483275.45
480751.02
488670.11
509143.47
491250.46
492281.58
490527.71
499992.98
498570.2
484116.91
488327.95
508837.96
508508.88
508163.47
508404.5
483467.9
502421.23
496578.66
496312.79
508773.04
490984.63
488924.73
491572.01
496343.73
489440.49
500236.02
492154.36
491597.32
490876.69
491224.97
489179.28
492999.2
493074.78
493131.29
493169.61
496350.95
496272.61
496233.47
496695.78
496657.36
496617.32
497030.32
496991.23
496951.21
496912.21
497370.29
505013.94
481940.91
481987.88
482035.35
482085.08
482228.06
482275.08
482322.16
482371.83
479501.56
479502.26
479502.72
479503.69
478579.6
478840.55
479098.31
479363.3
478610.48
478870.46
479130.61
479389.99
478641.17
478900.89
479160.84
479420.63
478411.84
478671.76
478931.81
479191.76
478182.39
478442.38
478702.39
478962.28
479222.25
479482.02
478213.16
478473.09
478732.61
479252.45
478244.39
478503.89
478763.55
479023.44
479283.65
478534.39
478794.54
479054.34
479314.46
479573.8
478825.02
479084.99
479344.93
496213.51
496449.59
492503.14
480330.14
479493.4
486743.299999999
483258.37

488628.81
497317.2


488900.929999999
486657.799999999
490337.84
480239.729999999
483604.169999999
484430.84


484347.099999999































497326.267
495762.268
496153.268
496544.268
496935.268
497326.267
484705.969999999
489332.88
481811.429999999
484414.62
484992.239999999
488228.12
495517.409999999
487834.349999999
485853.219999999
496572.4
494153.219999999
494840.84
484606.21

488135.239999999

484006.94
484006.94

496572.4
494867.77

482523.63
462157.02
479307.72
479274.92
479243
461994.58
462171.73
459608.1
459780.79
475343.05
471178.26
479480.09
479643.74
479809.77
461965.96
471193.05
462382.21
468712.08
468877.7
470095.76
469983.1
469862.78
469860.42
469714.51
471208.51
474626.77
470229.32
470120.76
470011.52
480289.48
492993.41
480181.28
486366.12
486474.46
486584.92
484373.64
483985.18
483596.2
468591.06
468489.66
474300.26
473834.27
480543.72
480065.16
479589.17
423974
424042
424111
424179
424247
424315
424384
424452
424534
424602
424671
424739
424807
424875
424944
425012
425094
425162
425231
425299
425367
425435
425504
425572
425654
425722
425791
425859
425927
425995
426064
426132
426214
426282
426351
426419
426487
426555
426624
426692
426774
426842
426911
426979
427047
427115
427184
427252
427334
427402
427471
427539
427607
427675
427744
427812
427894
427962
428031
428099
428167
428235
428304
428372
428454
428522
428591
428659
428727
428795
428864
428932
429014
429082
429151
429219
429287
429355
429424
429492
473398.52
473744.93
474210.37
474536.49
485151
485152.28
485540.83
473487
408909
409430
409950
410471
410991
411512
412033
408669
409199
409729
410259
410789
411319
411849
408487
409024
409561
410098
410635
411172
411709
408361
408903
409445
409987
410529
411071
411613
408294
408839
409383
409928
410472
411017
411561
408286
408830
409375
409920
410465
411010
411555
408335
408878
409421
409964
410507
411050
411593
410916
411359
411801
412244
412687
413129
413572
411468
411889
412310
412731
413152
413574
413995
409957
410437
410917
411397
411877
412357
412837
410412
410874
411336
411799
412261
412723
413185
409204
409713
410223
410732
411241
411750
412259
409554
410050
410545
411041
411536
412032
412528

466386.44
467944.65
469033
469542





461509.62
461460.83
461411.51
461647.14
461952.51
462252.47
455535.9
452626.62
463669.17
456435.26
457070.18
457084.81
459992.93
456201.8
460004.05
459982.81
459961.72
462519.94
460045.57
460024.39
462786.26
462653.57
456423.43
480069.57
462526.99
462473.69
484857.11
471739.53
472042.48
472652.18
472419.02
472185.56
457298.36
457304
457026.97
467088.51
466934.54
466714.62
466545.38
466270.8
456748.63
457078.43
459553.17
459791.44
482375.24
473893.1
488850.58
461457.07
488929.03
471572.42
472222.24
471687.63
472331.38
471790.26
472103.77
472441.49
471892.98
471883.35
471997.6
468199.19
468257.12
456673.08
457331.75
457313.41
457240.33
457477.14
457404.53
457009.56
462124.94
461820.83
461515.81
461342.53
477887.15
477889.14
477889.68
477450.51
477451.13
477449.33
477676.96
477677.32
477679.34
469950.909999999
461028.56
461242.65
471594.74
471395.25
471794.04
476813.02
466632
470479
470228
469977
469726
482018.169999999
489301.5
474337.92
474778.35
475243.17
475709.31
476184.71
476660.96
477118.25
477533.42
477936.03
478319.99

471904.409999999
480240.71
457095.599999999
457387.849999999
460011.7
487982.039999999
471736.9

463737.39
459944.31





513257.74
513076.09
512895.32
512056.75
513210.24
512192.14
512807.35
509972.76
509934.43
512225.8
512091.61
517497.39
517576.64
517657.72
512251.71
504175.41
504154.84
510600.9
504132.95
516209.35
516294.08
516378.84
514042.08
514011.92
515238.2
513982.67
510700.22
488819.71
502293.79
502179.79
502069.83
499945.92
500344.25
500144.64
488756.23
488778.12
488840.94
488798.84
497199.73
497223.76
488904.8
493450.11
495195.8
492030.44
496751.75
494273.93
490960.41
494286.79
499251.99
499259.38
503958.56
503868.23
490793.38
491649.76
491701.77
492202.11
491129.21
510215.82
497673.02
495586.72
500761.3
497153.45
499492.77
508771.69
497746.69
504047.24
497811.33
495681.62
495589.65
494730.76
494139.97
494728.6
497497.53
496390.19
499244.79
499215.82
499187.05
499273.15
505018.02
511980.18
512137.54
507707.73
507741.76
507774.71
512139.92
512022.77
501514.19
501944.64
497214.82

510674.37
502765.47
505784.89
513823.78
513831.01
512343.83
510580.83
510731.04
510912.48
516300.15
516078.57
515853.71
510077.61
510357.48
510637.54
510917.62
511198.34
511478.06
511757.83
512037.94
515083.76
513452.5
532643.09
525742.48
513450.59
521457.84
521641.02
521344.37
516466.5
522798.67
536006.81
522599
522564.99
522549
530817.77
522849.35
522831.94
522816.14
522580.91
517597.22
517613.14
517629.85
515005.56
525374.04
525611.31
525501.54
532814.01
530808.82
513914.98
518443.13
512751.91
513952.92
533938.38
518428.45
524084.93
515570.09
538079.88
538072.47
515914.98
533756.12
534006.6
513602.25
516370.86
535568.32
532450.69
532259.3
526576.1
526591.97
523421.08
523161.15
526584.23
504286.38
503915.3
503544.91
503173.12
502802.93
512424.01
512709.6
512992.34
513275.99
513559.7
513841.61
514125.81
514409.63
538634.969999999
513453.96














535204.29
533695.92
538634.969999999
541639.82
548760.68
543711.69
543415.99

580021.16
547336.45
543966.18
541830.32
542080.21
541808.77
542828.46
545061.63
540876.42
534178.43
529767.71
535572.97
536393.43
535947.21
532007.1
532939.83
517704.6
517359.16
531547.39
532002.84
531775.26
532363.11
519842.74
519626.15
519408.53
524534.54
522728.63
538232.03
533428.29
533411.6
533417.79
524546.43
524541.41
534657.66
522754.9
532404.3
523169.14
519157.1
527308.77
525706.37
525697.35
531121.37
531650.07
526844.46
524512.8
522147.76
531417.31
520989.64
526459.74
527054.39

523593.55
523811.48
524026.79
524219.3
524409.57
524773.79
521630.24
512534.68
517378.38
507236.06
512485.67
514896.31
514071.08
517302.4
512913.49
513101.37
513288.9
519017.56
514972.39
514719.22
518117
518008.46
517897.69
517841.1
505226.51
505189.84
505153.75
518097.06
527639.79
530149.24
530144.13
530733.48
530441.46
530140.48
529859.6
530151.39
528071.56
527854.42
525401.13
520134.07
522193.93
522178.1
522162.4
522442.19
522426.23
522410.21
523417.41
522156.88
522060.98
521961.63
522079.43
544529.28
522293.55
522091.4
522085.56
528357.17
470057.229999999


505842
505163
505003
513014
512759
512224
511979
531478.5

525683.089999999


501863.19
501631.64
501398.64
501166.51
500933.51
500703.26
500470.31
477252.33
477153.52
477055.95
476957.88
476146.52
476254.8
474287.12
474119.43
479302.66
479803.72
479553.47
473896.72
481064.6
481178.95
481292.82
493023.91
488242.64
488311.19
488378.81
493018.23
484458.52
484448.03
487069.02
487050.64
487032.31
488302.47
488409.86
488517.25
493381.16
508468.15
490595.46
487739.49
491287.64
481476.01
481518.46
481561.23
481605.67
490603.62
489732.93
489807.57
489882.89
490823.05
490889.44
490956.17
482831.97
482845.1
482863.96
495638.08
495548.71
495456.05
496067.36
496228.15
480851.22
480944.78
496142.34
493063.09
493055.85
493048.35
493040.54
493034.13
480898.88
480950.41
492369.76
492570.04
492555.04
492470.37
492512.54
483004.56
482996.49
482991.18
482982.92
475896.8
476399.25
485007.4
484842.09
484853.22
499130
496016.969999999
486442.799999999
481902.729999999
486696.884
486841.427
486985.97
486843.396
486614.663
486385.93
481622

478733.799999999

476476.349999999
477245
477044.016
476842.002
476640.114
472451.969999999

492846.669999999
498168.896
497905.244
497641.591
497377.939
497114.287
502714.87
503140.219999999
487362
491460.4
484089.81
489919.09

485453.08

502673.33

501349.659999999
493198.299999999


489676.679999999

491013
491313
491614
491915
492215
485318
488354.919999999
484332.08
489237.32
492014.75
491848.59
491678.75
491510.21
482887.79
483321.6
482684.73
467394.63
467430.2
467465.92
467501.43
467536.85
467572.17
483792.78
462700.51
462639.42
462578.46
462988.35
462927.61
462868.04
462805.97
463371.85
463309.28
463246.33
463184.21
463747.64
463685.11
463622.23
463560.04
455123.84
455073.79
454881.34
482138.6
470908.56
471974.469999999
483423.84
481379.01
481472.87
481578.31
481567.7
481672.95
481778.25
485174.25
484953.27
485353.58
485131.79
478946.62
478733.5
479009.91
478520.59
478797.29
479073.96
485394.42
485575.76
469794.53
469636.32
470267.59
471860.72
471930.56
472016.11
472085.61
472155.21
479023.799999999
476392.4
476418.17
476447.02
476475.96
458437.9
458488.039999999
456720.18
446183.14
456807.29
455393.37
485843.29
485966.75
488711.57
486214.71
486164.32
486379.88
489522.57
489612.66
489698.12
489782.53
467717.86
467753.72
467788.89
467824.55
467859.92
467895.44
470423.5
454003.12
457024.62
456878.1
456732.15
450491.71
486643.7
486648.7
486654.7

489111.69
485486.68
485653.46
485820.23
485987.01
453964.07
460175.2
460161.2
460145.9
460625.2
460610.3
460594.6
461191.1
461174.7
461157.9
461710.9
461694.5
461679

471487.9
473490.44
473410.599999999
481253.46


490182.71
490106.16
490030.16
489953.52
489874.44
489794.2
489713.97
490702.29
490625.75
490549.74
490473.1
490394.02
490313.79
490233.56
491221.88
491145.33
491069.33
490992.68
490913.61
490833.37
490753.14








467317
467253
467190
467670
467607
467544

490765
491001
491235
466747
466506
466652
466893






463796.56
465287.12
449171.32
448882.61
453284.83
453141.52
453099.25
453054.97
453011.81
455998.26
460902.74
452220.16
459967.06
452947.58
455962.64
462303.72
456193.13
456064.88
456128.39
452251.4
452369.93
452338.43
452306.67
454365.33
454190.74
454390.4
451376.92
450095.3
450181.47
455362.98
455274.04
455181.61
447095.8
447314.52
447182.04
447399.08
447270.56
455873.49
455719.4
456223.72
456069.07
455913.85
468170.56
468136.99
468099.59
468069.02
460059.86
453636.27
453611.29
453586.69
453562.05
451965.13
452044.18
452123.18
452201.06
452277.02
452354.76
452433.17
452510.82
450129
453399
453662.59
453135.5
454767
454651.5
454534
453876
453535
453204
456683
456467
456252
450320.12
451036
450864
450683
450502
452415
454639.32
457689
457765
457841
457917
457993
450443.77
447676.641
447727.62
450323.08
447694.462
448438.56
455089.219999999
459211.669999999
455012.789999999
449950.9
450271.5
450592.2
450912.8
451233.5
451554
454319.739999999
454803.63
462423.59
459462.01
451434.989999999
454044.63
450795.09
463194.89
461701.099999999
451107.64
451436.429999999
449568.979999999
454924.469999999
463731.799999999
451246.84
463201.049999999
454639.87
449938.63
449874.19
451517.969999999
460693.59
452843.919999999
449273.39
457178.799999999
459812.5
452652.719999999
451303.409999999
454969.4
455338.64
455512.59
458225.76
455808.429999999

450063.63
450712.539999999
453130.989999999
462990.549999999

451511.77
462656.39
456047.989999999
451400.26
449944.2
450762.51
449679.299999999
460054.4
451266.159999999

459151.28
452291.44
451924.89
462330.679999999
453693.09
449598.38
463746.919999999
452987.83

453933.75
452174.219999999

453425.989999999

452803.01




449765
449743
449721














447710.49
459323
459422
459512.8
459628.8
459720


447658.26
453510
453064
454407
454153
473570.89
469751.76
470265.18
469838.5
469908.3
472081.85
469108.17
473864.73
473345.92
473371.88
471203.77
469886.09
469864.05
469797.42
467596.82
467412.31
467227.01
472697.38
472894.89
473092.4
469817.69
474161.37
471539.39
473670.22
472628.63
472636.15
472642.95
472957.91
473271.56
473234.71
473185.27
472934.94
475917.4
475231.65
474143.78
466656.83
466801.97
466946.59
481069.87
481104.32
481136.93
468414.76
468220.8
468026.75
467833.16
468644.08
468373.71
468099.95
468529.03
470104.2
469942.69
469779.16
472442.59
476861.34
476798.34
476735.34
470538.89
468363.95
467869.58
470798.9
471917.929999999
469272.83

469046.09
468823.299999999
468322.07
473106.659999999
468573.099999999





475793
475810
475826
475842
471370.049999999
480404.06
471464.109999999
467903.03
468271.64
471478.83




577381.08
577555.69
577731.8
577905.08
588658.8
607478.01
572697.95
572607.68
572518.06
572426.57
572336.42
606179.88
592129.74
590171.55
591877.1
606514.67
589085.03
607467.74
586173.33
585988.87
610947.1
611013.06
611080.23
611147.14
603088.77
602998.25
603027.04
603057.82
592725.76

584758.729999999




607568.91




607478.01


583713.05
583869.88
584028.76
584185.55
583540.55
583693.41
583847.96
582128
582146.58
581922.55
581944.11
581720.41
583126.55
583126.73
583126.39
583352.32
583359.41
590470.01
590487.34
590506.68
607616.82
607661.53
607706.66
612563.65
612519.04
612473.95
612651.6
612608.53
605255.89
605280.97
605306.35
605414.51
605423.42
605432.13
605442.58
616984.31
606024.96
605853.28
616122.15
606523.34
606735.95
606948.33
607161.26
607374.47
609585.49
609835.61
609721.25
613245.21
613339.08
613433.43
603906.96
604063.67
604219.99
605868.3
605928.64
605988.75
606048.67
606108.99
582973.13
578171.57
577882.91
577604.19
577110.52
577342.3
576914.05
576775.04
576687.77
576662.25
576696.61
576791.43
609467.979999999
634391.9
634426.43
634452.394
634469.79
634478.55
634478.85
634470.56
634453.82
634428.57
634394.6
634343.44
634280.54
634205.22
634127.55
634040.28
633943.27
633836.57
633720.24
633594.361
633458.831
633191
633045
632892
632731
632562
632386
632202
632011
631812
631606
635583.07
636167.66
636171.26
636141.89
636089.68
636014.55
635916.89
635796.5
635442.348
635243.1
634775.224
632420.647
636774
637369
637965
637778.744
637578.771
637365.162
637137.962
636897.276
636649.882
636402.488
636141.008
635875.203
635589
635330.653
635051.922
634768.898
634309
634072
633166
632816
632598.303
632383.69
632069
638560
639155
639751
639421
639089
638755
638418
637736
637391
636695
632985
640346
640942
641537
640697.848
640182.771
639695.146
639235.801
638805.52
642114.74
642717.969
642154.496
641593.713
641052.714
640527.024
640021.466
639533.039
639029.402
638562.971
638204.835
637861.037
637533.692
637253.912
636711
636451
636196
635705
635469
635239
635015
634797
634585
634380
634181
633988
633802
608454.099999999
613313.55
605786.37
606786.89
603823.589999999
618886.069999999
611297.719999999





579639.56

545864.27
549102.65
549131.2
553222.45
553380.53
553537.54
549573.29
550930
550949.82
550969.81
556252.28
556281.7
556310.81
557042
557196.71
557351.25
557506.27
560559.91
560653.33
560745.93
560839.47
560932.34
552264.23
552258.69
552251.3
564573.58
564542.85
565345.26
565118.25
571179.07
571134.44
571089.79
564666.24
564892.8
558287.14
558290.69
558294.3
558297.6
558300.92
567952.62
567902.31
567801.38
567851.68
567421.77
572034.56
571995.4
571956.47
552245.07
549071.89
568607.42
568703.1
568798.47
548696.989999999
548803.78


576895.82
584396.42
584395.56
584394.55
584391.03
584390.02
584795.81
584794.66
584793.42
584791.8
584791.26
564426.01
564727.55
564905.36
564605.98
564601.38
564598.59
574766.06

563818
563565

576124.01
552121.07
552182.39
556466.689999999
564885.06
564984.25
564715.42
570972.41
570980.9
570988.53
570995.79
571003.4
569575.13
569484.13
569302.8
569211.72
569638.64
569713.59
569788.69
569864.2
569941.28
558950.55
559182.24
559413.69
559644.69
562321.97
562397.59
562476.18
569368.79
569116.78
568864.99
568613.11
571202.45
571381.07
571560.78
571738.76
571915.23
565621.85
565877.5
566134.78
566196.18
566452.28
559167.08
559425.57
559683.99
559944.19
560202.83
574002.15
573761.83
573298.01
573523.48
573746.38
573672.4
573598.49
573938.92
573861.33
575011.71
575030.46
575051.61
575069.38
561998.06
557739.74
557727.21
557972.35
557972.79
577176.26
577149.58
577122.6
569393.49
561878.36
557995.48
556804.83
556855.29
556907
570819.24
570966.74
564328.36
563191.81
580988.15
579666.21
579421.32
579942.74
580189.36
580709.46
580465.18
581228.68
578923.9
579450.54
579204.08
579725.6
580248.41
580770.8
579972.46
580490.18
580213.77
580736.13
579173.81
579696.83
580154
580677
581199
581721
582184
579908
580431
580953.62
581475
581948

570817
570981
571145
571309
571473
571637.01
571801
564517
564255.5
563994
565563.65
569001.739999999

565938.785
565589.339
565239.892
564890.446
564541
564191.554

557229.41
554071
554362
554652



528439.42
528681.954
528584.78
528410.19
547748.85
547865.65
547748.85
547504.1
547497.44
546004.46
546164.794
546157.71
542802.34
543069.611
543340.954
542587.573
542855.262
543123.351
539270.78
539225.24
539181.73
533554
536943
537243
530534.15
528956.63
525759.17
523676.849999999
548288.63
529244.38

545659.859999999
544205.88
541379.329999999

546013
599008.35
598986.55
598965.28
601167.43
601232.15
601296.57
601363.99
601427.87
600254.8
597053.97
597773.83
597674.83
599930.83
596329.09
596270.92
596210.59
599506
599513
599520
599527
599533
599540
599554
599561
599568
602233.43
602155
597971.13
599547
548343.05
548491.54
548639.64
548788.56
567416.28
567327.51
567239.61
557950.28
557808.33
554951.46
554902.3
554852.52
557667.87

546830
546422
553529.89
580231.5
580369.02
580299.54
576128.77
576067.18
576006.42
575944.93
575885.22
574105.05
574155.57
574207.66
573040.48
573237.69
573434.25
577673.09
578001.78
577457.77
577275.97
575835.63
577820.73
577639.21
579074.76
570696.37

565210.87
578786.189999999
573475.739999999


515166.55
515381.57
515274.05
518804.7
518996.89
519491.75
521958.51
500583.2
520758.98
500398.86
504047.32
504093.11
504002.2
514499.05
514367.65
515290.23
515431.35
515574.79
511883.93
511853.38
511821.55
511793.07
511943.3
511913.9
510369.58
510630.24
510890.85
520700.41
517210.5
517020.74
517701.92
507830.13
510101
510004
509907
527888.13
513522.159999999
508043
507848
507653
507457

502375.52
511439.38
515101
515139
511979
511717
511179
511179
510896
510633
505679.74
531227.51
507113.659999999
478276.14
464095.98
464304.62
464511.52
464966.89
463962.86
464378.94
464586.9
464719.84
464170.87
464834.41
463452.36
460439.47
460299.99
460394.67
460489.08
460532.46
462033.58
453704.42
453596.1
453992.92
453885.14
453776.9
454173.68
454066.1
453957.2
454355.28
454246.46
454138.81
454536.02
454427.7
454320.04
454897.42
470397.63
470296.53
470573.87
454716.41
454500.43
473191.92
473046.51
472900.34
454607.34
454681.14
476353.61
454161.33
457153.58
476757.78
475776.14
476407.94
462507.9
465024.19
464927.31
474231.64
474065.58
473729.49
462455.31
476605.5
459848.29
460005.94
461286.27
461597.05
461129.06
460806.13
461446.82
461607.97
461289.78
461761.33
461450.14
461922.41
461124.74
461599.8
461758.42
461274.97
461603.68
461763.88
462075.64
461442.64
461435.51
460964.17
461440.22
461432.02
461121.5
461282.07
461279
462235.88
462078.67
461593.3
461271.7
461917.86
461915.63
461754.51
467696.91
467729.17
467883.66
460635.08
460477.82
460162.78
460642.29
460481.17
460484.96
460323.29
460795.83
471655.46
471858.89
471451.16
463737.21
463531.49
463740.91
472892.34
473060.14
473227.33
473394.43
473562.04
472947.99
473115.16
473282.63
473449.95
473617.32
473784.74
473952.18
485971.21
480330.4
478960.2
452461.5
452654.95
452842.98
453033.56
453220.71
452683.08
452877.56
485948.24
485647.56
453065.52
453256.18
453445.32
446458.62
483889.799999999
457840.789999999
461096.6
461203.5
460921.4
477758.9
476585.739999999
474613.31
472484
472437
472390
467495
467846
468197
468548
477088.219999999
461469.549999999

452308.3
452295.7
452281.7
452266.7
452253
471572.669999999
457724
457537.7
457419
457928
457766
457633.7
474856
474682.7
474424
474171
474748.3
474482
474214
473952
479961.95
479732
479503.26
480422.7
480192
462451.429999999
460170.09
460068.67
459960.98
459856.233
459751.64
459654.51
459308.32
459188.59
459074.35
464456
464186
463916
463646
463371
463107
462836
444712.06
444640.21
444567.96
483802.3
483935.78
484069.25
484202.72
483515.59
483228.89
458628.13
459423.92


469025.46
467317.789999999


456371.88
465809.969999999
461487.96
457163.039999999
468974.789999999
464511.46


458349
458208.9
458068.8
457997.4
457847.7
458149.2
483250
483285
483319
482854
482888
482923
463705.09
463973.118
464242.005
464510.171
464777.122
465046.009
464723.946
463067.755
463336.278
463605.651
463876.427
464146.976
464417.653
474202.69
473698.75
464832.34
461957.169999999
472416.429999999
462398.859999999
462398.859999999
445337.81
477289.57
455700.37

451499.39
475192.58

462208.01
476812.229999999
468271.44
462725.729999999
458222.159999999
480628.44
473065.83
472722.109999999
477049.219999999
468453.45
473842.76
474724.099999999
455152
454976.759
454804.587
454632.147
454455.89
454283.889
479023
479343
479665
475880
476087
476637
477018
462102
461797
461493
461188.39
460883.92
460579.12
460275.09
459970.3
459666.26
459361.04
459057
462502.926
462189.21
461876.25
461563.29
461250.33
460936.78
460623.23
460310.27
459997.3
459684.35
459370.2
473659
473861
474063
452791
452779
452767
452755
452743
474897.95
463017.719999999
477135.609999999
462779.159999999
479290.599999999
455583.989999999
474277.06
471417.82
452490.28

455714.83
474383.7


459538.47






459308.32

480404.45
483672.789999999
476058.19
480854.929999999
483739.729999999

557381.41
556985.81
558436.49
560306.73
550457.64
550395.83
551798.08
555978.86
556450.15
557977.88
560543.43
553938.33
553959.88
553982.74
556213.46
542753.26
542764.39
536045.54
536027.31
537256.63
535300.92
529957.79
530116.57
530059.51
533156.3
532933.66
538447.37
538215.3
533144.38
538241.7
538426.96
537085.44
537239.5
529987.75
534172.06
532733.589999999
557049.83
539458.22
542341.31
542447.48
542521.96
539302.11
548568.52
539201.3
535811.089999999
554906
548133.8
548886.069999999
559695.28

542548.15

491528.49
475020.48
481971.29
481731.06
485395.41
485384.71
485374.11
488685.59
484761.58
480017.67
476791.51
476784.64
483691.98
492229.02
492224.24
485477.13
485477.96
476797.68
484298.7
483958.42
484130.33
478281.48
478275.73
482058.79
482135.91
485421.22
485428.32
480030.71
480163.67
480095.78
487890.36
487958.71
487855.63
487924.57
485400.04
485410.16
482096.29
484279.73
484429.95
484579.62
482212.32
482174.22
489980.74
490080.67
490181.29
483464.6
483438.85
486020.55
480043.44
480016.29
479332.56
486017.06
482072.34
481940.05
488151.24
476642.91
476635.35
476628.51
488330.63
488512.54
484900.24
484837.12
484773.62
486759.7
486760.91
486761.57
480427.19
480396.95
493825.02
493739.07
482756.17
482702.28
477307.42
477310.99
477314.1
488619.03
488737.67
481639.73
481619.92
482515.39
482229.63

479807
479624
479377
479055
478689
478303
486687
494392.58
482365.5
479848.76
485057.81
473278.01
486317.409999999

482217.789999999





484679.87
482699.77
484801.44
486201.169999999
481963.38
486703.06
491049.599999999
493545.419999999



483200.75
485082.01
482504.549999999
484389.4
485393.729999999
483659.06
489316.76
483676.46

484003.469999999
478165.76
472487.39
482508.21

485851.219999999
486405.25
































489643.56
491931.57
502798.42
495963.25
500999.84
488504.52
504688.67
492378.08
504269.28
483076.31
487657.7
487784.14
500207.43
513812
513664.91
490101.73
486819.76
486834.71
500132.33
500629.92
501412.95
500335.37
498189.31
504975.47
506273.39
495810.34
496092.74
500277.48
492392.73
495214.16
491286.95
500958.69
504375.27
504363.97
504382.09
488812.9
504368.63
499507.5
486521.51
502984.43
486547.58
504370.8
494844.36
501841.45
501992.12
494642.9
507261.72
507181.18
503759.21
502264.77
494674.71
502871.16
502224.68
502513.67
494663.99
494652.84
502281.95
502574.77
489734.51
495156.41
495159.47
493900.92
494120.27
494632.25
494621.93
494131.44
506495.91
506693.29
494448.35
494438.22
494142.45
494428.11
500077.77
500127.88
499331
499275.28
502167.27
497811.94
498001.98
498603.86
498405.2
498206.64
499002.33
502624.47
497611.2
498802.91
504377.51
504379.72
503342.49
504373.88
506298.65
499820.76
499649.13
496777.32
496376.54
496676.72
496476.9
499735.34
496576.59
496276.43
498043.46
497921.49
497798.24
504726.57
504708.19
504692.16
504674.48
490748.98
491197.82
490972.32
491868.95
491713.87
491558.38
504448
499433
499755
500077
500399
498345.7
498241.9
498136.4
498030.8
497925.3

502512.16
502291.56
502070.97
501860.43
502032.5
498850.429999999
507831.96
511806.27
493570.13
502074.039999999
496866.38
508129.2
498435.89
502464.25
490882.88
490611.359999999
504298.71
504927.5
507276.31
504562.07
497913.03
497949.719999999



492274
492604
492935

476967.93
483251.18
481892.85
481881.07
477968.67
478054.47
478145.85
477040.65
478151.73
478167.07
478057.22
478183.35
483397.24
479869.61
479956.37
478914.44
478975.83
479038.47
479113.73
479196.9
495311.46
478824.64
489386.38
500466.56
476973.61
483377.38
484465.1
482122.97
481969.05
482030.66
483926.73
479912.77
483354.66
483207.05
483500.92
482680.44
481178.33
482087.75
485958.14
476553.14
478846.75
478876.23
481470.92
489967.98
489863.22
489759.17
489654.69
489550.31
495406.04
463937.1

464444.82
463110.409999999
459501.31
474925.06
466732.39
461771.11
464679.24
463086.03
463810.22
470160.6
459572.88
465066.83
473022.59
472848.53
460707.91
467365.39
459155.17
461076.94
459278.05
472349.76
475961.9
465067.76
458958.79
472536.23
463595.39
475795.43
473593.83
475000.55
460704.26
473648.89
473568.76
475135.44
464556.33
475772.96
469631.87
470804.22
458802.54
472752.3
463486.88
463480.66
463469.53
463464.76
475674
472462.02
472531.92
463457.78
472772.71
472823.13
464396.44
475314.62
469329.07
469276.2
469160.73
469219.11
463475.1
460749.11
469975.34
469931.78
463493.02
461362.33
461247.23
461127.94
461007.57
461596.61
461481.44
461476.42
461356.52
461242.68
461122.65
474140.37
459879.7
467102.01
467316.33
468155.46
468370.17
464441.38
463487.5
459405.86
459005.73
459007.31
458898.55
458718.14
460179.22
461133.89
460996.43
459767.62
458258.69
464377.48
467049.36
466148.04
465374.47
490071.37
490177.21
487405.26
487389.64
484988.28
485244.69
485499
485750.57
485996.17
486252.8
467760.59
474768.46
470605.16
460128.52
470791.94
460047.65
470698.5
467622.86
467899.68
460210.01
472323.93
472277.33
487374.08
487359.32
483389.41
461688.59
461732.43
461775.86
461819.04
461862.64
461647.36
481620.489999999
475408.429999999
466668.909999999
459579.45
490202.58
496733.729999999

460126.27
459982.13

456772.799999999
500378.62
468422.409999999
501114.12
464888.4
455719.33

461016.94
473664.849999999
464334.909999999
486545.979999999
469939.419999999
466047.469999999
461911.33

470103.669999999
473376.979999999
458188.909999999
466190.14
459339.96
468900.94
463950.87
481837.109999999

461318.63
461664.909999999
462550.109999999
463452.19
463316.679999999
463316.679999999


498027.679999999
464432.94
466190.14
492974
459915.94
459165.609999999
462194.229999999
463825.21

466989.349999999
484201.219999999
484742.179999999

463830.859999999
472812.63

459707.45
463399.45
459273.15
466949.679999999
467025.07



466815.609999999
469188.289999999

470539.82
487449.21
467040.71
475864.419999999
476225.359999999
458113.81


488798.5
492966

489096.46

469495.909999999
462388.26
463330.12
462535.849999999
461016.549999999
463355.51
464469.26
474976.159999999
479243.39
460181.179999999
460566.429999999
486276.429999999
463860.58
470730.06
476054.2


458304.45
468413.45
477151.53
484687.739999999
489268.9
482840.219999999
472312.33

482063.94
485264.83
482739.78
487315.12
492952

478389.59
478015.299999999
478015.299999999
479170.63
489338.25
484424.84
482362.51

466781.06

473852.929999999
462496.599999999
484565.83
462676.71
477763.33
489751.25
484349.21
479318.07
489760.679999999
466846.65
460967.37
464061.479999999

482387.289999999

461815.94
467140.419999999
464907
464065.39
462902.239999999
482883.849999999


467081.78

467369.64
481369.21

480883.58

472876.13































































466436.65















587306.939999999


720898.38
720992.98
727504.304
727625.75
727814.16
730457.92
730497.94
730534.16
730566.57
730597.07
730623.76
730646.63
730664.75
730682.85
730694.28
727940.22
728061.26
728094.63
728126.89
730704.77
730712.4
730713.35
730713.35
730708.58
730702.87
730692.38
730678.09
730662.83
730641.87
729049
728802
729295
719969.48
720030.96
720092.64
718024.27
718482.8
717580.46
718462.359999999
706543
705620.52
705673.78
705624.49
706559.9
704521.839999999
707570.39
717509.15

719252.02
704169.77
704220.07
704270.09
699582.82
699609.04
699635.27
704484.27
700807.449999999


704645
703567.03
681246.2
681105.21
680973.96
683465.67
687144.81
686763.65
683453.99
684172.07
687264.2
685829.49
702315.07
702394.04
702472.14
701442.96
701470.72
702289.3
696016.03
695992.47
695969.96
695839.22
695707.63
692100.9
689721.25

684608.03
684703.95
684797.06
684890.05
684113.85
683020.15
682828.93
685890.05

689295.68
689269.22
689242.76
694946.51
688686.39
689962.45
694759.92
694651.35
697337
693242.77
693325.05
693492.65
694671.02
696406.199999999
694932
694663
700290.38
700481.18
697437.29
698357.11
708033.27

664340.63
664410.95
664295.85
663807.29
667394.719999999
664607.57
650683.589999999
647534.979999999
650758.839999999
648996.14
671087.27
665633.97
666125.74
659855.229999999
660912.959999999
664763.37
658329.06
665261.23
665433.06
665608.16
660688.03
655729.48
655834.24
655939.41
656649.57
664220.069999999
648438.63

646514.319999999
655343.65
668977.9
669052.51
669128.33
653387.2
653370.23
653353.39
653525.16
653526.89
653529.26
661108.07
658115.31
658262.76
661100.91
661593.09
674268.49
674311.17
674353.42
674394.7
674439.03
674225.84
677491.48
677452.92
669559.36
667357.52
669399.5
668333.14
657967.7
665922.69
665921.04
665924.88
661093.06
661606.4
661599.47
654480.38
654639.28
654796.98
658397.43
658593.57
658789.24
665214.08
665191.97
665169.15
676585.27









492171






492960
492970




















476833.397
477326.379
477921.235



538702.89
538600.45
529613.39
541099.52
541381.67
541666.99
536348.27
536324.09
536300.15
536275.5
536255.39
543752.04
543944.3
544139.59
544331.93
544523.54
543080.5
542884.81
532984.9
532835.62
532679.33
532527.6
529760.699999999
530706.52
527937.39
534403.359999999
512667.37
512745.94
515126.54
515336.29
515229.2
515526.17
501921.14
501245.45
501748.49
506368.02
506354.28
503088.76
501320.25
501359.66
501197.09
525301.33
516483.46
516425.61
516541.9
514145.87
514172.57
516162
516309
523828.6
524008.8
524157.969999999
538711
538620
512287.02
504684
504899
511862
512126
512390
515059.03
528143.39
533460.52
530095.479999999
529114.77




548148.949999999


567036.44
557590.08
571897.72
576491.97
583919.36
577082.08
579612.95
579708.83
580519.08
556362.57
556443.25
556525.59
556688.29
556768.1
556607.01
556845.57
573237.59
573289.18
573509.34
573561.26
556005
573534.19
573263.98
574457.59
574860.78
575264.02
558016.572
557737.949
557459.326
557180.703
562573
562870
563167
563464
556787.12
560600
572254.27
572714.5

555979.739999999
557588.589999999
557172.239999999
563012.78

566281.87
561924.56
558327.949999999
553086.109999999
553086.109999999
581937.76
571539.06
566002.53

577512.449999999
556005
561944
556188.839999999
556756.92
553485.319999999
567368
576300
550094.109999999
550689.3
577950.959999999

576394.56



558056
557745
557449

584549
584887
585211
585512
585780




581655
581547
581439
582010
581902
581794
572461.699999999
572757.55
593238.5
578592.67
578495.18
586375
586326.93
589363.45
582716.47
581280.71
579896.7
582779.86
583097.68
577123.46
577361.17
577598.86
577128.39
577365.77
576477.65
580152.39
580239.11
580326.09
580402.6
580316.23
579425.01
579662.85
579386.77
579624.91
579863.42
588017.66
579684.92
589171.81
588924.32
588676.2
586300.99
586203.15
586104.49
586007.4
588637.25
593455.81
593345.89
589178.18
588930.45
588683.63
593358.04
593555.3
593755.59
593957.82
586375.26
589261.34
589206.77
587851.109999999
580182.449999999

588960
589015
588789.969999999


572715.069999999

590033.03
575379.579999999
587813.839999999


584810.849999999
590660.78
575797.229999999
588789.969999999
583800.229999999
583800.229999999
586296.099999999
573830.16
581325.239999999
590800.349999999


582496.189999999
579724
579482
579239
578997
585532.88
587790.729999999
586344.02

590660.78
533734.109999999
512740.63
512815.92
512891.5
513042.43
512966.38
513117.72
513196.28
513274.75
513353.34
513431.89
518633.29
515348.47
521523.41
515542.21
518729.54
516138.57
533267.36
525979.82
517550.89
530244.55
518724.45
521227.48
528261.98
529587.29
528109.55
517625.23
517517.18
520663.72
520435.65
527981.31
528459.57
528053.94
528014.8
529103.45
529119.75
527740.73
525119.13
525013.62
520368.84
520128.03
519890.16
519948.65
520187.33
520427.17
522163.24
522264.72
521967.95
522069.87
521940.61
521884.89
518014.75
518050.97
518086.01
520573.69
531300.54
531480.86
531661.3
529694.65
529749.69
529532.96
518933.05
518933.11
518932.66
528808.86
528766.56
528724.32
524460.95
524247.84
524034.15
523820.37
514740.37
514775.97
518208.87
518245.69
518282.43
512270.8
512375.3
512322.75
517973.83
517994.19
518159.45
518158
511293.74
511564.84
511429.72
511699.87
512384.54
512334.56
519847.8
519678.11
519512.44
520754.08
520615.94
520524.15
520698.37
521168.16
521637.88
522106.43
522576.54
523044.1
523515.6
534324.579999999
522902.7
523403
523911.7
524418
524918
525431.01
532308.7
532146.7
531985
531824
523427
523634
523840
524047
526359.27


526385.719999999
514870.469999999
522031.5

514939.429999999




522013.75

513969.46


521989.28
520328.15
520854.78







614432.37
542106.3
549517.01
543716.44
546087.19
546079.51
546069.14
542624.64
542639.3
543953.81
543967.71
543939.77
546809.31
546820.89
546829.54
541775.56
541762.71
541750.83
541737.54
561328.08
561111.55
560899.69
560990.98
561205.84
561419.81
542286.4
542609.72
543981.14
542136.65
537558.7
537587
537615.7
537590.11
537561
565148.26







544943.599999999
540041.599999999
549675.449999999
560362.569999999

547592.38



539857.29
543673
544045
544131
543760

554634.6
555461.47
555500.08
550323.97
552865.26
552998.22
553992.23
554151.61
553141.41
553343.92
548932.04
549160.97
549389.05
549616.82
549843.99
552035.5
552276.12
553994.26
553848.56
552017.85
552093.28
573265.87
573437.58
573163.95
573077.75
572992.13
572906.77
573522.97
573351.33
553329.13
553585.8
553842.8
554102.35
554359.4
549501.36
549296.65
549091.31
548888.31
545847.05
547041
547155
547130
546976
546724
538529
538438
538347
550055.219999999
543611.319999999

546930.12
572462.81
572462.81
542838.76
549231.88
555104.489999999
553049.859999999


544416

553718.17
556406.03
554207.62

553694
553440
553186
553905
553651
553397
539259.74
537196.63
537281.17
529399.94
538722.67
538354.09
513118.73
513304.57
513885.11
513027.85
512755.7
514691.18
514814.01
514936.79
512374.15
512919.7
511006.74
510879.28
511171.2
510843.19
511043.17
519553.38
519645.87
519739.54
519722.45
519816.88
520662.62
520672.73
520682.29
521313.76
521377.86
516397
512222.91
512253.28
512450.75
512479.32
512510.67
511425.14
511588.29
511728.88
513272.86
513269.47
546534.07
506857.63
506991.38
506725.97
506461.43
504879.23
505024.89
505170.41
505316.88
505462.52
539732.48
539882.92
539970.26
539496.48
539647.01
539797.45
539561.31
539410.37
538918.52
539111.53
532686.53
532512.44
532338.47
532165.09
532928.41
532751.73
532580.8
532407.26
533170.53
532996.37
532822.75
532649.37
533412.13
533237.68
532891.55
533653.8
533481.22
533306.44
533133.55
533895.86
533722.93
533548.84
533375.53
545709.82
545934.6
546159.94
545388.38
545615.28
545842.21
544875.13
544819.54
544779.31
544747.26
544714.05
544681.56
543915.96
543730.21
543544.27
543762.81
543577.19
543391.43
543423.67
543238.02
543456.32
543270.51
543302.9
543117.36
553569.32
553373.36
548692.83
548786.74
542509.62
542360.21
551337.19
516199.7
515905.7
515615
515327.7
515038
527038.089999999
541294.65
539297.989999999
513425.64
508007.489999999


540037
540268
540498
540729
540960
541191
538610.439999999
513556.419999999
541949.39
530105.449999999
542283.689999999
512532.929999999
533181.43
506971.21
541424.439999999
541424.439999999
508682
508872
509063
509254
509444
509635
509825
510016
507504
507695
507885
508076
508267
508457
508648
508838
509029
509220
509410
509601
508491
532499.829999999
508301
539400.89


542862.76

522266.7
543434.819999999
543434.819999999
508116.599999999
504681.76
521617.57
540249.319999999
545535.859999999

508075.169999999
512558.179999999
541883.459999999
544912.88
520333.62
545464.4

540269.8
542562.13
542792.76









547693.65
556835.58
556838.94
556195.66
556964.62
557053.24
542052.23
542558.81
542652.43
542210.48
542741.88
531541.43
531714.54
531627.93
531122.79
531124.57
531127.09
560592.59
560475.39
554052.99
554232.16
541801.49
541763.13
541725.45
541685.21
541949.62
541912.51
541872.32
560938.17
561059.57
560735.78
560855.79
560978.92
561098.72
560653.36
560773.47
560895.42
561015.79
560690.14
560811.79
565233.37
565021.98
568438.62
560925.52
560531.36
560481.5
573605.71
560101.07
573708.86
560190.12
571106.5
571139.72
561453.88
561137.93
561329.53
554051.78
554112.89
554173.94
554346.27
554407.39
554468.27
554579.35
554640.53
554701.76
554873.62
554934.9
554995.88
555106.85
555167.74
555229.15
554155.95
554094.71
554033.63
554513.33
554451.66
554388.65
554328.73
554265.01
554808.79
554746.82
554685.73
554622.37
554560.7
553969.59
554218.42
555252.33
555189.71
555315.3
555377.61
555440.24
555496.2
555557.64
555620.32
555682.57
555745.35
555800.82
555862.59
555925.25
555987.68
556049.91
562384.96
562525.82
562667.17
562739.55
562815.21
562888.28
562962.03
561753.95
561641.28
561562.26
561450.04
573565.07
573629.07
573504.23
573441.91
573943.72
573882.68
573821.89
573760.67
579470.68
579122.45
578776.19
579431.29
579082.98
565272.9
565527.85
565776.58
563879.8
563645.69
563411.36
562836.7
562661.57
562486.31
523985.72
524454.76
524920.91
525390.14
525863.98
526329.04
567632.19
567898.69
568165.13
568431.63
568698.13
568964.56
569231.06
539926.54

550525.16




546351.02


572743.29
574600.91
555969.479999999
562828.859999999
551233.699999999
553953.689999999





569662
569344
569026
568708
568390
568072
567762
567452

548805.27



556412.07
556318.74
562180.28
562339.43
562498.65
562657.68
562179.67
562338.38
562497.82
562657.6
559102.88
559103.4
562900.33
563113.89
564277.7
564466.3
564655.41
564844.02
554451.17
554643.02
554436.56
554629.11
555832.75
555819.78
555445
568341.19
568209.98
568077.9
568137.54
568005.16
567873.22
563110.64
563277.78
563149.86
563316.77
563188.64
562130.29
564431.43
554284.89
560731.26
560898.57
560650.25
551700.05
552650.23
552652.21
552658.1
552657.3
550243.39
550306.75
550497.96
550434.82
573045.17
572998.72
572950.83
572903.25
572856.06
556805.95
568698.7
568948.76
569198.67
569447.88
550075.67
550067.67
550048.07
550041.38
550046.4
573571.2
575329.04
575542.46
575756.08
575968.22
576180.46
578248.84
579070.94
579169.68
575994.8
569740.34
569954.28
569786.84
570001.29
569833.57
570048.07
565806.58
565986.7
566166.24
566345.54
566525.59
565821.16
566000.13
566179.64
566359.58
566538.71
570570.13
570837.51
570642.2
570909.83
570714.52
570982.76
568711.76
553944.74
546986.49
560150.96
549360.98
549620.62
549879.99
550139.69
550399.26
550659.43
550918.85
551178.18
570806.819999999
556949.439999999
567914.88
547877.859999999

563629.199999999
556769.069999999
564433.29
565041.189999999
548381.699999999
561484.76

544453.91
549207.41

564945.18
549461.12
551832.87
561336.849999999

567439.459999999

559575.479999999

578180.42


554675.989999999
555911.16
556465.17
570235.449999999

555180.9

558733.089999999
547336.63
554056.93
557472.77
566524.739999999
561183.56
576868.949999999
544837.29
573563.56
573090.959999999
575241.64
565384.949999999
573494.17
552365.959999999
561164.27
557689.78
563625.62
560492.89
553570.939999999
566147.319999999
572671.439999999


574771.88
555460.06
559051.729999999
548767.599999999
571169.739999999
550991.14
566289.93
550775.51
555010.849999999
579355.9
574380.37
552512.959999999
559809.859999999

564925.609999999
546125.26
545840.04
562368.339999999
562509.189999999


545287.29






554747
554858
554788
561900
561954.5
562009
562063.5
562118





567928
567771
567614
567458
567301
567144





562715.03
553174.75
550458.62

557126.92
