Y (nord) koordinat UTM 32 Euref89
6174734.73
6174640.92
6182350.24
6182357.19
6182377.59
6182387.17
6163959.85
6163759.58
6164705.1
6164503.51
6164301.7
6182391.69
6183006.09
6183018.08
6183028.7
6182658.48
6182668.59



6175414.24
6136725.93
6129628.21
6138527.74
6138538.88
6138548.94
6130910.74
6120363.54
6125388.83
6136561.19
6136890.15
6136396.56
6136231.61
6136067.15
6133176.67
6133129.85
6133084.09
6129466.39
6129304.22
6129142.59
6129444.69
6130645.9
6130735.18
6135647.6
6135448.98
6135391.51
6134593.08
6135590.59
6125010.74
6132066.19
6135836.36
6135418.92999999

6138249
6138644
6139038
6139432
6139827
6178329.93
6178257.59
6178402.68
6153632.45
6153523.16
6153412.61
6178558.6
6178423.65
6178289.47
6148766.75
6148814.55
6148861.95
6153905.11
6153894.66
6157908.84
6157910.33
6163001.2
6162900.18
6171333.79
6171227.89
6171122.42
6171351.59
6171196.27
6164082.48
6164070.08
6164057.98
6180075.56
6180222.66
6180376.3
6155307.71
6155031.88
6155168.25
6178692.8
6178156.95
6155360.9
6155310.67
6155261.19
6155298.11
6153926.28
6153813.27
6154848.19
6175919.28
6175855.29
6175984.38
6175642.69
6164520.01
6164571.04
6160456.3
6198811.59999999
6156260.05999999
6168218.97
6168418
6168616.82
6171040.96
6156693.31
6156587.44
6156481.69
6149519.51
6149705.75
6149892.84
6179201.32
6150638.46999999
6160511.53
6169595.09
6169765.1
6169424.09
6169936.09
6170277.09
6170107.1
6153075.11
6153240.1
6153406.11
6152909.11
6152744.09
6152578.1
6174246.33
6195297.26999999
6165807.12
6163318.9
6165876.86
6153124.7
6159297
6159657
6172733
6172413
6172093
6177712.21
6170496.16
6170795.62
6154269.03
6166917.24
6160131.79999999
6153282.95
6162656.23
6195297.26999999
6151426.2
6150849.83
6139877.43
6151138.31
6144414.96
6145822.47
6145682.24
6145538.74
6145825.75
6145353.17
6141573.65
6139967.06
6150000.54
6150167.47
6150800.58999999

6146524.27
6146577.96
6146632.56
6136330.34
6136191.5
6147770.6
6147646.8
6147522.68
6142535.73
6142645.62
6142756.21
6138094.4
6138099.55
6138104.13
6135921.29
6135849.97
6135785.8
6136608.57
6136625.51
6147882.92
6147986.51
6148091.35
6146506.04
6146381.79
6146256.16
6149636.95
6149530.25
6124980.58
6124867.6
6124755.21
6123511.39
6123341.8
6123088.25
6133225.08
6133083.88
6132942.65
6131640.31
6131643.28
6131640
6130935.54
6131239.54
6132004.04
6132148.95
6134372.88
6134307.11
6134239.03
6144292.43
6144251.36
6144210.9
6146613.41
6146683.28
6149038.19
6148915.29
6148792.18
6151584.45
6134408.21
6140703.44
6139969.66
6139859.55
6142112.97
6137389.35
6138272.19
6123742.29
6123059.37
6123958.79
6114184.55
6126523.97
6137208.81
6125668.24
6125722.34
6123479.49
6135565.86
6131645.73
6131648.76
6131651.46
6132292.15
6132580.14
6130818.4
6131122.06
6132436.12
6149423.62
6134256.50999999
6136566.74
6147662.1
6133569.57
6133503.34
6133439.1
6135014.45
6135085.05
6135156.48
6127118.87
6127038.62
6136125.89
6136170.74
6127198
6133026.96
6132706.4
6137404
6140088
6135118.11
6135007.6
6134897.6
6134788.11
6134677.61
6134567.6
6134457.11
6145730.16999999
6148931.94
6133659.08999999


6137212.74
6137411.61
6137538.56
6137388.89
6139728.2
6130918.15
6134362.82
6137610.43
6143338.06
6137239.31
6130845.85
6131021.93
6131194.75
6131369.47
6131544.19
6139548.85
6139369.24
6131070.17
6131268.26
6133656.89
6138207.09999999
6132994.80999999
6132726.57
6131620.23
6140036.75999999


6140329.51999999
6157297.45
6157407.57
6157517.55
6157640.35
6155957.05999999
6156577
6156598
6165775.44
6165675.53
6165576.63
6173518.45
6173621.03
6173723.56
6173826.24
6173927.79
6165441.98
6169602.73
6169977.67
6169780.25
6169582.42
6170711.50999999
6172016.98
6178503.53
6178514.1

6092329.09
6092331.07
6074134.14
6073994.45
6073854.45
6073405.04
6073417.59
6073272.96
6080070.08
6080095.34
6080274.57
6058693.84
6058479.04
6060101.26
6058306.4
6064699.56
6067129.68
6064082.2
6064011.9
6063943.94
6063874.74
6063806.36
6063736.82
6063668.44
6063599.1
6058559.54
6058366.41
6058187.47
6058264.54
6058174.1
6058084.23
6057995.58
6058470.18
6058381.3
6058531.53
6058543.37
6058321.94
6058085.68
6057862.57
6058101.58
6094550.08
6077792.03
6063460.44
6085367.45
6092875.21
6072524.65
6093551.03
6092326.64
6070099.9
6088912.69
6073165.35
6077619.54
6090759.97
6072142.21
6072630
6064596.92
6073058.45
6074636.08
6091812.66
6070603.6
6073182.01
6071398.6
6067037.23
6067047.58
6071424.25
6071240.6
6081126.76
6070453.78
6072737.02
6073132.99
6073429.04
6071196.49
6066332.65
6066812.44
6067029.23
6070631.71
6087860.96
6067043.42
6087649.44
6088279.46
6090408.75
6086867.98
6068630.1
6068465.14
6068300.91
6068435.15
6068270.1
6068104.5
6073260.15
6092059.49
6068795.46
6068587.52
6077886.3
6078135.18
6077637.77
6076811.59
6076949.96
6077088.28
6077226.65
6076765.57
6076903.85
6077042.07
6086249.89
6084147.6
6086518.79
6088901.76
6089081.93
6083916.86
6090351.39
6087070.92
6086512.31
6086674.73
6086692.8
6086855.88
6086873.46
6085424.32
6085087.48
6087719.43
6091588.62
6078517.87
6073708.78
6072949.7
6075314.2
6075172.38
6075340.63
6075482.83
6066695.81
6080301.61
6092062.21
6092057.56
6083532.05
6083578.76
6084365.06
6081406.79
6081750.05
6081445.62
6081784.78
6067697.31
6076241.83
6076487.46
6076731.89
6058457.1
6058354.32
6058161.5
6051246.13
6050979
6050759
6050527
6050346
6050157
6049978
6049837
6049714
6049580
6049510
6049419
6049351
6049299
6049267
6049238
6049219
6049234
6050898
6050585
6050303
6050042
6049815
6049584
6049362
6049178
6049043
6048838
6048727
6048599
6048494
6048409
6048346
6048287
6048242
6048235
6050549
6050192
6049867
6049557
6049285
6049010
6048746
6048519
6048312
6048095
6047944
6047766
6047636
6047519
6047424
6047336
6047266
6047235
6050200
6049798
6049431
6049072
6048754
6048437
6048130
6047859
6047612
6047353
6047162
6046959
6046779
6046629
6046502
6046386
6046289
6046236
6049851
6049405
6048995
6048587
6048224
6047863
6047514
6047200
6046911
6046611
6046379
6046139
6045922
6045739
6045580
6045435
6045313
6045250
6082732.59999999
6090478
6090156
6089833
6089511
6089190
6078512
6078870
6079228
6074047.59999999
6073646.75
6074593.75999999
6081511.58

6076312
6076615
6076918



6060071.94


6066680
6066564
6066442
6066317
6066195
6066073
6065949
6065825
6065723
6065644
6065588

6085231
6085520
6085834
6086161
6086486
6086795
6070742
6070480
6070252
6070101
6069990
6070609
6070444
6089238
6089466
6089698
6089918
6089294
6089523
6089751
6089980
6090209
6069366
6069252
6069138
6069024
6068910
6068797
6068683
6068570
6073093
6073175
6073257
6127967.85
6127796.87
6132900.96
6132682.33
6124582.5
6127971.13
6119695.49
6139404.26
6119156.88
6119122.19
6119087.23
6119053.49
6116158.14
6128185.24
6128074.37
6130360.78
6128139.57
6115776.53
6125620.04
6127723.77
6127478.15
6127601.47
6124152.92
6124032.7
6123913.3
6124184.98
6124030.75
6122067.15
6124200.29
6120505.03
6120650.49
6125560.87
6128018.49
6115771.57
6115766.06
6125516.88
6125605.64
6130306.46
6127402.4
6127599.61
6122811.76
6123963.51
6124144.67
6124326.08
6122920.85
6122746.61
6128465.56
6124138.82
6125864.01
6125709.04
6125552.54
6128113.23
6128303.7
6127923.64
6132256.92
6132322.15
6139740.71
6139612.35
6123605.11
6123784.57
6119576.86
6119629.3
6119680.81
6126802.13999999
6126591.95
6139811.65
6133740.16
6132051.75
6128119.77
6132340.77
6132631.7
6132921.44
6127792.85


6118004.36
6117630.75
6114768
6115015
6115262

6122803
6122570
6122338
6068071.23
6086435.92
6086346.83
6086201.95
6067714.93
6081116.64
6080927.37
6061583.13
6075977.29
6076190.86
6076209.43
6076391.62
6075666.75
6076372.21
6076573.77
6076555.05
6079746.62999999
6055221.31
6055579.94
6078314.19
6087501.98
6055062.87
6068222.78
6068131.82
6068001.97
6083452.4
6055353.96
6063882.34
6066625.74
6090574.74
6062711.91
6088353.89
6058200.31
6064626.92
6055170.4
6056040.56
6053939.46
6061189.18
6086056.25
6081306.51
6055777.81
6068468.58
6081494.92
6083784.92
6083677.01
6083565.33
6083778.32
6083892.13
6087308.59
6087156.56
6086852.79
6086700.58
6077316.69
6077116.62
6084656.16
6084599.79
6084544.82
6084489.21
6082200.36
6073217.89
6073405.28
6073592.12
6073781.26
6068640.2
6068700.75
6068760.88
6063014.77
6081791.73
6066162.57
6079256.35
6077097.81
6077676.92
6077532.13
6077387.12
6072921.07
6072894.33
6072867.04
6072839.97
6071839.44
6071654.43
6077241.69
6062355.65
6061011.79
6061411.34
6062008.84
6080170.16
6073674.03
6073870.71
6080737.96
6074069.21
6062858.68
6080359.55
6080548.69
6062853.23
6062847.82
6062864.22
6062869.47
6062874.72
6063281.61
6063275.63
6063270.66
6061207.13
6061394.87
6075994.01
6062564.04
6062791.81
6062147.31
6050364.84
6049884
6049403
6048921
6048440
6047959
6047477
6046996
6046514
6050248
6049767
6049286
6048804
6048323
6047841
6047360
6046879
6046397
6050131
6049650
6049168
6048687
6048206
6047724
6047243
6046761
6046280
6050014
6049533
6049052
6048570
6048089
6047607
6047126
6046644
6046163
6049897
6049416
6048935
6048453
6047972
6047490
6047009
6046528
6046046
6049780
6049299
6048817
6048336
6047855
6047373
6046892
6046411
6045929
6049663
6049182
6048701
6048219
6047738
6047256
6046775
6046294
6045812
6049546
6049065
6048584
6048102
6047621
6047139
6046658
6046177
6045695
6083631.11
6061270.18
6061028.28
6060786.18
6071032.13999999
6072322.91
6080725.00999999

6064665.88999999
6063600.51999999
6055384.63999999

6080714.65
6062297.49

6080676.87
6064072
6078215.46999999

6065600.15
6069420.66
6080264.32
6065485.2

6065488.12999999
6084286.98
6081025.44
6072070.19
6062008.83
6081000.83999999



6095294.25
6095225.45
6109753.4
6109566.73
6109565.64
6109453.6
6109449.03
6108650.96
6108564.54
6108478.93
6108393
6108307.19
6095067.34
6099873.87
6087810.88
6099963.13
6099490.73
6110960.31
6091553.81
6108455.75
6108165.79
6108234.79
6093514.38
6102131.23
6095156.75
6095858.48
6101627.87
6101626.74
6101626.41
6111097.78
6110984.58
6110870.63
6095082.9
6095052.83
6099543.21
6099708.67
6105046.35
6104914.82
6102796.46
6102927.34
6102666.48
6104785.19
6100914.34999999
6094020.30999999
6100249.49
6103467.09999999
6101015
6098292.98
6096568.83

6133080.43
6133138.3
6133196.29
6115902.21
6115987.42
6116072.54
6134046.06
6126511.05
6126281.78
6120596.62999999
6134399.36
6128266.72
6133654.2
6134656.03
6117707.47
6117662.74
6117618.47
6122662.9
6122764
6122864.8
6131575.37
6131824.63
6132074.56
6115940.51
6116230.07
6116520.17
6116809.69
6117099.05
6132809.28
6133000.15
6133192.01
6117959.48
6118196.63
6118434.49

6118819.29
6118819.29


6117347.65
6125734.48

6127812
6127998
6128182
6125486.69
6134009.23
6125997.67999999
6112548.84999999
6126658.37999999
6113849.16999999
6128515.59999999
6114789.49



6150576.51
6154136.57
6151178.35
6151203.89
6151449.42
6150501.88
6143348.17
6149575.17
6146765.67
6146317.66
6146146.22
6145801.09
6146049.61
6149615.31
6149467.5
6149319.24
6147357.37
6147541.09
6136883.37
6141814.18
6140703.59
6147736.91
6147546.68
6147672.895
6126811.96
6130561.9
6127675.24
6127732.22
6127789.81
6121314.69
6125760.74
6121480.88
6123350.68
6123423.61
6123496.91
6121355.82
6128897.94
6128450.48
6128486.77
6125339
6131320.71
6122725.84
6120775.69
6120667.83
6120560.73
6131464.55
6123738.4
6123606.21
6125258.58
6127695.59
6133800.26
6133973.83
6134147.4
6127678.32
6119819.19
6119788.94
6119597.94
6128412.11
6125038.4
6125143.64
6133299.54
6133092.84
6141351.63
6141201.67
6141051.1
6116450.37
6132777.89
6132606.28
6123671.22
6123549.15
6110031.2
6135312.58999999

6140882.21
6113815.9
6124197.86
6127571.78
6124717.02
6129873.16
6124500.26
6124929.79
6124855.75
6124661.98
6116096.31
6125094.08
6124611.33
6130484.42
6126826.82
6126797.12
6104382.16
6106619
6106728.68
6106509.47
6119845.43
6098286.16
6119733.39
6119972.87
6118515.21
6128165.02
6128349
6125118.39
6128216.51999999


6128877.17999999

6129346
6119738.99
6106459.75
6149963.09
6149827.41
6150457.68
6150246.52
6150035.08
6140057.78
6140234.09
6139881.83
6140410.79
6146706.86
6146954.95
6147204.77
6147453.77
6149118.87
6148789.2
6148389.11
6138021.41
6138300.91
6138579.89
6140080.86
6140251.49
6140423.03
6122873.72
6122966.57
6130963.97
6123963.95
6121445.73
6117850.5
6118312.65
6118613.88
6120582.83
6120764.67
6120946.09
6123194.28
6123039.26
6122884.96
6126996.38
6126882.6
6126055.96
6125844.97
6125634.38
6124532.25
6124337.06
6124141.06
6132877.01
6119611.2
6133101.6
6137032.95
6137151.82
6136934.42
6119008
6119188
6119394
6134379.18
6132837.23
6132159.35
6132025.45
6132036.75
6132991.62
6134345.8
6130793.7
6130641.65
6134310.34
6134274.45
6135496.12
6135562.94
6135698.55
6132619.71
6132777.64
6111008.16
6108893.44
6100775.44
6100669.37
6100564.06
6101956.39
6108873.43
6109087.02
6101789.45
6102119.68
6115932.11
6114605.11
6112043.85
6112137.78
6112782.98
6112905.14
6113029.81
6114427.07
6114247.14
6106588.22
6106631.42
6106067.83
6106253.64
6106370.86
6107013.5
6107191.93
6107366.4
6107644.25
6107726.53
6107809.01
6106948.65
6107138.86
6107328.38
6110946.09
6110719.23
6110730.01
6094588.22
6092211.14
6092491.89
6108068.96999999
6107209.30999999
6106177.41
6103789.03
6094162.69
6095060
6093431
6093580
6115800
6111544.19
6151117.87
6155158.48
6160678.13
6150873.2
6152104.14
6151680
6152146.15
6151934.55
6151892.38
6155183.48
6154878.41
6150684.91
6150985.55
6160482.59
6156454.53
6156259.98
6156065.72
6156574.99
6156406.1
6156238.92
6156018.54
6155892.74
6155768.17
6156760.84
6156722.89
6156982.01
6154693.08
6154834.97
6158277.8
6158262.88
6158248.18
6153949.48
6153727.35
6151967.75
6152160.9
6154976.28
6151776.65


6087811.92
6087674.14
6089483.5
6088300.77
6088970.08
6089003.03
6089172.7
6088538.95
6088692.67
6088848.24
6087533.54
6087398.82
6086178.28
6086131.8
6086927.81
6083843.11
6081543.69
6080813.19
6078114.71
6075385.92
6075487.05
6069549.75
6070111.13
6069388.85
6068571.57
6067198.01
6066958.63
6089375.5
6099105
6103846.28
6107188.04
6084151.81
6089160.82
6069248.73
6086082.68
6080065.29
6075529.77
6101376.44
6101838.83
6101607.63
6072825.07
6072881.11
6068977.67
6069727.16
6090842.99
6106911.05
6099066.31
6098747.43
6098427.73

6103937
6082387.54999999
6105841.91
6085960.50999999
6076616.21999999
6104448.94
6104692.05999999
6104199.57
6086273.21999999
6086781.32
6070851.87
6068552.4
6078105.83

6076951.03
6076762.69
6076574.36
6075909.35
6075677.95
6075448.65

6078537.15
6121853.76
6121491.01
6121605.93
6122819.37
6122435.53
6122243.8
6122160.03
6122357.56
6122549.49
6122741.15
6124189.88
6124374.06
6122627.05
6124566.13
6131840.6
6131659.31
6131674.05
6120671.41
6120856.68
6120731.52
6124252.16
6124795.28
6133425.63
6117041.95
6117301.49
6128444.61
6128041.14
6127637.48
6127234.41
6125481.75
6132208.45
6127782.76
6132658.21
6132370.94
6118336.28
6118349.06
6118361.29
6130295.07
6124981.34
6129143.42
6115477.78
6117870.01
6113019.59
6118942
6124691.43
6125226.51
6129433.11
6129681.12
6128359.51
6128113.51
6128319.66
6129741.05
6132498.72
6129213.97
6124736.12
6121073.41
6120790.41
6120508.49
6116658.37999999

6121096.66

6133516.71
6134296.59999999
6192977.21
6193119.75
6188962.75
6189147.29
6189057.6
6188865.65
6185445.84
6185628.73
6185546.65
6185729.43
6185810.84
6185364.11
6181770.9
6181878.49
6181984.38
6182094
6171774.27
6171723.68
6171673.17
6171622.55
6184643.09
6184859.7
6184751.09
6185059.56
6184951.07
6185259.18
6185151.17
6184842.44
6185041.91
6175888.57
6175720.73
6178709.47
6179036.83
6180635.82
6170558.69
6170392.61
6164675.2
6169446
6169584
6169723
6169861
6181838
6182045.87
6182253.01
6185006.05
6184649.96
6184293.97
6185155.98
6184800
6184444.01
6188011
6187754
6187494
6181270.75999999
6184942.61

6172288
6172484
6172680
6174309.9
6076972.78
6077101.57
6088200.93
6088029.91
6081708.2
6081505.09
6081693.64
6081490.32
6081678.55
6081475.45
6081664.21
6079085.71
6093237.84
6093232.74
6081713.8
6081619.18
6091477.33999999
6087469.98
6085104
6084903





6077472.05999999

6100588.80999999

6121416.88
6110805.07
6121329.56
6106620.09
6106836.25
6106653.2
6107020.14
6106472.17
6110627.83
6110487.17
6110345.62
6107787.9
6107995.03
6107891.54
6105707.61
6105937.74
6106166.39
6106396.72
6106626.47
6106151.56
6106381.13
6106611.6
6121489.06
6106923.22
6110054.84
6104765.38
6105377.58
6105071.36
6104459
6104636.53
6104942.85
6105248.93
6108783.71
6107850.24
6108032.76
6109312.76
6109555.89
6107917.37
6107660.42
6107762.55
6108035.94
6108151.85
6107865.53
6107968.46
6109264.28
6106135.88
6088483.37
6088363.56
6117519.33
6117607.31
6092126.76
6111432.29
6094209.6
6098739.9
6119683.19
6094169.98
6089297.11
6097971.96
6094088.35
6105067.27
6104958.98
6101603.15
6084820.28
6097714.6
6118741.47
6118531.92
6118529.61
6118738.55
6119130.66
6103529.99
6103331.67
6111743.79
6105280.73
6105424.09
6117804.94
6117757.43
6101707.16
6099978.1
6119560.44
6089685.99
6103147.05
6103054.45
6102962.6
6092846.01
6119806.52
6119657.47
6119508.07
6098382.06
6105315.03
6089990.64
6086091
6092121.18
6092407.83
6086105.07
6087892.73
6091836.9
6099368.25
6099225.29
6099475.54
6117709.8
6117659.32
6117939.41
6117985.05
6118033.06
6118080.45
6111049.19
6099020.49
6102403.92
6111090.33
6093504.25
6092929.97
6093216.93
6090770.24
6102003.49
6106207.23
6087997.02
6120004.74
6120117.07
6098208.25
6094363.1
6105420.3
6109836.31
6116930.66
6117000.54
6117071.22
6117140.18
6117209.83
6117279.46
6116861.99
6119621.34
6117509.91
6117370.64
6117439.63
6086752.07
6110584.9
6110189.18
6105675.62
6105616.78
6105375.03
6102238.76
6107411.5
6102916.71
6102734.19
6101288.17
6119892.44
6117091.6
6116320.87
6111010.03
6103099.52
6110750.77
6107523.13
6106551.09
6103134.75
6110539.81
6116163.55
6116280.37
6116402.35
6116582.79
6101499
6091421.22
6110519.2
6109890.38
6116451.75
6105517.9
6117161.3
6110630.63
6092290.86
6117301.16
6091551.13
6096462.18
6110970.66
6110710.32
6110670.6
6117230.92
6093553.01
6092958.5
6093422.2
6093125.51
6109610.26
6110181.57
6110463.67
6109666.32
6109946.31
6110237.16
6109719.71
6110000.17
6110290.79
6110573.26
6109774.38
6110648.17
6117815.23
6117604.27
6117393.37
6117169.44
6117811.83
6117600.7
6117389.47
6117165.8
6094233.78
6094021.37
6093809.07
6093596.9
6100031.88
6100031.82
6100034.64
6100037.01
6099773.82
6099775.37
6099776.98
6099777.38
6099515.75
6099517.33
6099518.85
6099520.41
6099255.94
6099257.62
6099259.19
6099260.75
6098996.4
6098997.9
6098999.68
6099001.28
6099002.72
6099004.31
6098738.42
6098739.85
6098741.37
6098744.55
6098480.25
6098481.98
6098483.36
6098484.86
6098486.69
6098223.81
6098225.29
6098226.75
6098228.45
6098230.16
6097967
6097968.79
6097970.22
6087908.13
6087923.37
6092221.23
6092671.58
6094738.66
6097269.86
6100773.78

6093669.01999999
6108092.2


6093577.91999999
6096792.71999999
6103829.9
6095250.71
6105667.46
6100924.69


6098476.00999999































6084162.284
6084286.284
6084255.284
6084224.284
6084193.284
6084162.284
6109240.84999999
6092596.21
6120509.13999999
6109538.41999999
6093585.41999999
6117782.63999999
6093367.04
6115550.9
6103465.44
6090384.46999999
6093314.74
6090150.59999999
6100227.82

6095828.34999999

6093501.29
6093501.29

6090384.46999999
6093616.86

6149597.46
6155419.86
6143419.03
6143602.37
6143786.02
6155807.04
6155649.18
6157246.7
6157203.19
6146430.25
6147546.78
6145614.42
6145517.7
6145419.58
6155546.15
6147813.07
6155755.98
6145275.44
6145262.03
6146028.69
6146201.75
6146384.28
6146065.08
6146308.89
6148088.81
6144623.34
6146125.49
6146292.24
6146459.88
6125856.06
6139188.37
6126154.78
6136609.9
6136454.21
6136299.26
6122309.06
6122307.86
6122307.08
6145591.58
6145627.22
6144747.58
6144927.56
6140052.32
6139993.83
6139935.02
6151447
6150891
6150335
6149780
6149224
6148668
6148112
6147556
6151447
6150891
6150335
6149780
6149224
6148668
6148112
6147556
6151447
6150891
6150335
6149780
6149224
6148668
6148112
6147556
6151447
6150891
6150335
6149780
6149224
6148668
6148112
6147556
6151447
6150891
6150335
6149780
6149224
6148668
6148112
6147556
6151447
6150891
6150335
6149780
6149224
6148668
6148112
6147556
6151447
6150891
6150335
6149780
6149224
6148668
6148112
6147556
6151447
6150891
6150335
6149780
6149224
6148668
6148112
6147556
6151447
6150891
6150335
6149780
6149224
6148668
6148112
6147556
6151447
6150891
6150335
6149780
6149224
6148668
6148112
6147556
6144825.8
6144692.95
6144513.64
6144388.14
6122318
6122310.98
6122311.84
6145060
6163045
6162884
6162723
6162562
6162401
6162239
6162078
6162172
6162045
6161918
6161791
6161664
6161536
6161409
6161286
6161093
6161100
6161008
6160915
6160822
6160729
6160390
6160332
6160274
6160216
6160158
6160100
6160042
6159487
6159464
6159441
6159419
6159396
6159373
6159350
6158582
6158594
6158607
6158619
6158631
6158644
6158656
6157678
6157726
6157773
6157821
6157868
6157916
6157963
6167080
6166762
6166444
6166126
6165808
6165490
6165172
6167798
6167452
6167106
6166760
6166414
6166068
6165722
6165546
6165287
6165029
6164771
6164512
6164254
6163996
6166328
6166040
6165751
6165462
6165173
6164884
6164596
6163901
6163706
6163512
6163317
6163123
6162929
6162734
6164735
6164509
6164282
6164055
6163828
6163601
6163374

6157610.79999999
6154921.54
6145290
6145189





6146301.95
6146135.08
6145968.09
6170674.31
6170614.37
6170560.56
6173511.35
6176935.65
6177100.94
6168337.22
6161587.33
6161448.3
6177348.43
6183432.71
6168000.62
6167843.63
6167687.36
6162330.81
6168314.37
6168158.33
6162250.12
6162290.59
6183556.18
6171451.13
6165343.49
6165125.3
6174499.12
6177033.87
6177011.49
6178622.11
6178696.76
6178772.45
6178109.14
6177835.42
6177808.92
6179601.29
6179316.22
6179577.26
6179301.19
6179547.92
6183671.24
6183787.85
6177932.2
6177615.72
6161351.96
6161940.37
6165372.89
6182082.38
6165076.04
6186370.82
6186127.51
6186038.34
6185795.5
6185730.32
6185602.05
6185463.41
6185423.13
6186254.14
6185921.59
6166740.09
6166830.52
6177974.38
6166190.07
6166622.56
6166357.56
6166720.23
6166455.27
6178080.72
6170860.8
6170919.23
6170977.69
6170733.42
6164330.2
6164565.71
6164800.15
6162683.8
6162909.24
6163136.91
6162683.1
6162907.9
6163134.25
6175867.57
6182220.58
6182151.54
6179518.22
6179588.84
6179447.8
6177419.87
6177285.29999999
6171579
6171767
6171956
6172145
6183130.87999999
6164985.73
6161551.03
6161407.3
6161337.64
6161322.17
6161358.27
6161458.42
6161625.76
6161849.6
6162083.06
6162360.9

6167901.88999999
6175537.84999999
6175757.49
6182036.58999999
6172549.32
6160266.29
6167775.05999999

6181227.51999999
6176824.83999999





6156898.89
6156996.56
6157095.35
6151558.37
6148778.59
6154048.18
6152198.23
6162033.65
6161733.68
6160871.85
6161098.78
6149921.78
6149738.53
6149555.76
6149102.37
6152977.41
6153176.5
6160229.03
6153373.53
6158993.01
6159174.13
6159355.37
6147136.47
6147304.41
6154034
6147472.09
6160054.86
6159707.47
6160374.91
6160063.26
6159760.14
6151425.83
6151400.51
6151412.56
6160303.57
6160104.93
6159508.3
6159906.19
6148078.42
6148381.13
6154630.25
6153658.69
6147932.89
6154443.8
6146474.35
6155564.79
6143553.52
6155352.56
6160336.07
6160149.85
6157110.45
6157291.5
6143672.35
6142773.29
6142580.44
6154649.62
6143433.58
6132115.24
6139181.03
6136005.92
6134170.45
6135941.22
6138414.09
6142438.22
6132028.56
6132338.12
6138843.34
6138662.53
6134158.01
6132544.73
6132331.83
6136176.32
6131424.25
6137805.8
6157534.86
6157686.89
6157838.42
6157381.43
6155798.05
6151759.49
6151358.82
6141441
6141597.01
6141746.97
6149289.4
6149475.81
6153400.84999999
6152559.04
6146116.91999999

6100973.18
6085011.5
6091340.32
6105741.26
6105980.76
6104580.13
6100075.35
6099856.86
6099592.27
6107730.65
6108041.68
6108352.41
6080453.97
6080330.79
6080207.52
6080084.57
6079960.89
6079838.22
6079715.28
6079591.54
6107234.53
6105175.28
6083271.53
6084692.59
6097961.35
6088457.85
6088220.51
6088180.66
6098172.01
6083989.27
6094373.78
6084583.9
6084205.13
6084015.83
6089857.83
6084556.84
6084367.98
6084178.32
6084395.12
6099980.65
6099781.99
6099575.09
6097880.14
6084512.24
6084489.21
6084714.48
6091120.21
6089658.05
6097342.73
6081950.63999999
6093526.89
6096663.25
6083446.73
6098441.87
6085182.88
6098410.35
6092301.38
6092403.02
6097927
6093544.73
6093613.28
6098649.09
6100149.36
6093307.45
6083206.3
6083141.64
6103422.84
6103076.76
6094335.3
6094205.17
6103249.61
6080646.72
6080732.18
6080817.87
6080903.76
6080989.34
6079448.33
6079340.97
6079234.1
6079127.24
6079019.97
6078913.2
6078806.09
6078699.09
6097282.54
6097963.321














6089745.94
6093348.58
6097282.54
6158687.96
6162992.63
6160344.9
6160289.37

6178947.79
6188707.58
6196828.7
6205309.55
6196334.1
6196511.71
6199913.56
6202594.56
6201284.94
6202624.82
6155977.96
6138554.51
6138755.58
6139205.06
6141424.51
6142318.41
6146625.2
6146612.22
6142864.56
6142269.11
6142566.47
6140708.64
6158374.76
6158539.62
6158705.47
6156179.78
6153798.28
6137381.47
6145313.54
6145190
6145065.79
6151280.63
6151173.33
6132864.71
6130045.66
6133210.29
6130913.13
6137010.66
6137560.47
6137662.26
6133581.69
6130798.86
6131195.94
6137181.56
6133626.17
6136196.76
6132077.38
6136196.79
6134788.34
6134710.78

6165953.45
6165831.04
6165710.78
6165546
6165383.21
6189019.75
6196814.4
6195576.1
6190242.23
6187644
6182726.56
6184507.21
6186758.81
6183397.27
6195943.21
6196124.11
6196305.63
6191256.8
6186891.95
6193665.05
6193727.47
6193500.65
6193278.09
6187458.47
6187011.01
6187273.34
6187536.19
6191554.09
6185610.71
6183634.17
6183875.2
6186079.34
6186012.76
6184114.27
6185880.26
6185947.37
6185512.46
6185563.09
6182087.61
6177781.82
6179344.41
6179180.16
6179016.48
6179334.69
6179170.18
6179006.44
6177150.05
6174031.02
6174250.95
6174477.23
6172798.84
6167243.33
6180814.06
6172469.23
6172634.08
6166454.28
6193932.58


6187749
6187152
6187451
6195890
6196085
6196480
6196681
6186527.96

6175627.37


6246570.94
6246719.94
6246868.81
6247018.1
6247167.55
6247316.4
6247466.49
6232269.22
6232503.58
6232736.57
6232971.44
6235615.28
6237724
6223291.51
6223376.54
6222963.92
6222997.09
6222980.65
6222839.23
6224985.41
6224839.26
6224693.27
6217776.06
6238801.89
6239091.44
6239381.97
6217576.4
6235260.43
6235510.31
6202392.99
6202591.29
6202790.42
6221789.47
6221886.88
6221984.12
6202420.28
6212699.29
6239134.64
6221430.05
6227173.25
6237800.58
6237561.07
6237321.23
6237082.04
6238889.19
6206022.33
6206175.15
6206327.87
6236313.36
6236070.17
6235827.63
6227867.13
6228117.97
6228366.14
6228558.01
6228815.73
6229084.98
6229469.83
6228985.38
6233362.06
6233821.43
6229239.61
6218775.32
6218574.72
6218375.38
6218175.28
6217975.53
6233592.38
6225131.57
6194340.15
6194710.27
6194383.49
6194525.92
6194223.34
6223504.87
6223754.71
6224004.09
6224253.79
6235614.94
6235613.8
6238167.83
6238087.53
6238272.77
6195473.09999999
6199804.33
6227118.30999999
6228983.41
6229212.272
6229526.7
6229841.128
6206735.5
6206871.089
6207006.677
6233799.95

6238527.29

6229192.99
6221677
6221981.928
6222289.994
6222592.043
6230154.13999999

6223466.44
6230340.161
6230577.18
6230814.2
6231051.219
6231288.238
6207586.76999999
6209317.96999999
6236869.32
6231732.03
6227984.33999999
6238584.12

6232183.80999999

6207438.54

6209621.17999999
6222569.79999999


6216683.94

6195762
6195555
6195348
6195140
6194933
6229254
6266068.74
6263107.29
6266370.04999999
6252938.89
6253098.91
6253259.28
6253419.03
6256233.94
6249666
6256936.87
6248471.33
6248601.36
6248731.53
6248861.61
6248991.98
6249121.46
6247995.77
6248672.72
6248954.47
6249236.3
6248598.83
6248880.38
6249161.53
6249443.41
6248499.9
6248781.9
6249064.07
6249346.13
6248403.15
6248685.14
6248967.04
6249249.12
6245132.38
6244886.59
6245038.29
6251622.46
6252237.62
6242056.21
6256424.54
6251002.51
6250826.39
6250996.3
6250649.5
6250819.47
6250988.9
6248952.35
6248872.59
6248800.63
6248721.01
6249131.24
6248918.64
6248801.13
6248707.33
6248588.72
6248470.58
6249032.11
6248880.17
6243026.53
6243152.23
6252915.6
6244974.26
6245193.42
6244802.99
6245023.44
6245242.6
6247443
6251167.63
6251477.52
6251787.16
6252096.28
6242342.66
6241997.91
6240947.69
6247641.6
6241107.8
6234801.1
6257543.75
6257659.5
6262094.67
6256883.86
6256664.43
6256725.41
6257775.15
6257634.79
6257492.79
6257353.38
6248383.66
6248513.83
6248644.12
6248774.62
6248904.65
6249035.02
6252410.17999999
6236261.96
6238808.68
6239208.98
6239611.81
6232910.08999999
6262359.65
6262714.66
6263069.65

6250709.46999999
6242084.19
6241805.45
6241526.72
6241247.98
6271281.99
6247273.3
6247580.5
6247914.6
6247356.1
6247664.2
6247991.4
6247460.4
6247769.3
6248087.8
6247556
6247866.1
6248177

6249092.28
6251015.00999999
6250588.45
6248875.55999999


6244370.36
6244683.61
6244994.63
6245308.28
6245631.89
6245960.21
6246288.55
6244292.79
6244606.04
6244917.06
6245230.71
6245554.32
6245882.64
6246210.98
6244215.22
6244528.46
6244839.49
6245153.13
6245476.74
6245805.07
6246133.41








6248184
6247953
6247721
6248209
6247977
6247744

6252287
6252012
6251739
6242046
6241794
6241525
6241777






6268741.14
6267375.64
6273883.26
6275325.27
6266409.34
6270498.7
6270555.07
6270611.17
6270667.35
6264152.2
6265021.14
6260290.67
6265980.04
6266323.14
6263953.86
6265944.31
6264718.02
6264343.97
6264529.02
6260487.95
6260570.62
6260372.71
6260175.18
6252458.71
6252589.48
6252675.1
6248715.47
6254002.23
6253904.54
6255781.55
6255902.59
6256023.78
6258491.88
6258459.47
6258286.88
6258259.21
6258079.44
6247025.68
6246711.44
6247048.39
6246734.63
6246421.35
6261910.05
6262146.65
6262384.58
6262621.07
6266050.02
6264132.45
6263973.28
6263812.18
6263651.34
6280971.89
6280695.03
6280417.86
6280142.93
6279874.97
6279600.46
6279326.59
6279051.84
6262882
6257644
6257644
6257793
6247609
6247908
6248204
6248437
6248465.5
6248493
6249934.1
6250140.65
6250348.36
6262674.67
6261893
6262081
6262279
6262477
6281494
6259239.71
6246800
6247171
6247542
6247913
6248284
6271615.79999999
6255937.874
6256848.45
6249333.12
6256235.31
6273834.51999999
6263475.71999999
6266091.86
6264663.21999999
6257251.2
6257366
6257480.9
6257595.8
6257710.6
6257825.5
6271177.09999999
6263946.33999999
6265547.54999999
6266095.91999999
6265597.95
6266665.48
6268975.74
6266999.21
6266601.57
6256691.78
6255544.74
6265510.49
6265573.34999999
6265767.62
6267559.44
6265419.29
6267277.66999999
6263434.65
6264131.9
6251125.98
6266468.13999999
6261925.30999999
6261062.24
6264285.16
6264214.25999999
6255473.04
6266795.87999999
6265242.99
6264840.21999999
6254577.25999999
6264849.4
6255988.26999999

6268751.87999999
6266074.34999999
6261279.54999999
6264961.54

6261836.24
6266539.41
6263405.45
6262104.59999999
6268349.41
6265760.5
6265053.29
6266683.33
6263230.24

6264632.46999999
6254147.78
6263300.34999999
6267263.69
6264587.66999999
6259356.33
6266249.57
6255336.83

6250560.54999999
6253735.41

6252286.83

6267422.05999999




6250567
6250789
6251012














6256544.433
6254980
6255316
6255623
6256016
6256325


6255636.65
6280335
6281196
6280817
6281691
6275155.75
6279541.21
6276071.78
6277828.37
6277907.38
6275850.09
6279673.96
6276335.55
6278304.85
6278401.02
6277375.33
6278088.09
6278240.84
6278133.15
6280709.57
6280946.34
6281183.08
6281175.24
6281155.7
6281136.16
6277980.94
6264708.75
6264930.74
6257654.11
6254345.64
6254106.01
6253866.62
6253799.37
6253732.44
6254006.44
6254278.24
6254056.23
6254788
6256028.72
6257505.9
6253190.96
6253492.77
6253794.96
6253882.38
6254036.04
6254190.94
6256547.49
6256351.7
6256155.08
6255959.89
6255804.36
6255855.76
6255908.1
6256175.86
6253102.06
6253287.98
6253476.18
6265395.11
6257045.57
6257302.57
6257559.57
6274848.25999999
6280064.03
6279113.98
6273699.17999999
6279135.4
6277189.57

6276891.42999999
6276552.04999999
6277813.76999999
6278130.91
6278757.91





6253996
6253634
6253273
6252912
6256185.16
6257377.59999999
6258324.12999999
6257500.25
6254896.87999999
6254052.53




6242439.11
6242305.79
6242174.27
6242040.38
6245122
6228358.29
6244453.41
6244621.3
6244788.33
6244955.82
6245122.1
6224588.14
6235808.43
6244454.79
6231519.21
6229261.24
6240050.13
6228517.43
6242097.92
6242066.22
6241664.49
6241486.81
6241309.34
6241131.21
6224572.3
6225072.26
6224904.91
6224738.61
6233138.69

6242491.03




6227391.96




6228358.29


6264288.24
6264138.38
6263988.06
6263837.18
6264084.54
6263937.66
6263791.82
6266239.01
6266468.55
6266521.83
6266752.77
6266807.07
6261279.31
6261032.69
6260786.33
6260908.99
6260663.22
6262068.22
6261813.79
6261559.09
6250613.63
6250463
6250316.3
6246263.77
6246458.69
6246653.76
6245873.39
6246068.91
6267014.41
6267099.9
6267187.27
6267183.77
6267094.61
6267005.85
6266916.8
6255887.56
6248163.44
6248253.79
6260543.96
6246079.98
6246100.03
6246122.24
6246143.32
6246163.48
6258735.36
6258722.45
6258945.32
6259866.76
6259581.78
6259296.92
6248466.2
6248647.73
6248829.65
6249766.57
6249575.59
6249385.25
6249194.04
6249003.71
6257527.46
6260171.4
6260166.83
6260221.01
6260502.57
6260335.68
6260711.25
6260961.99
6261237.74
6261522.5
6261809.85
6262076.41
6247068.54
6264751.05
6265371.2
6265991.832
6266612.76
6267233.96
6267855.02
6268476.11
6269097.13
6269717.71
6270337.92
6271072.2
6271805.8
6272537.93
6273194.92
6273850.77
6274505.09
6275157.92
6275809.28
6276458.761
6277106.289
6278267
6278846
6279423
6279997
6280570
6281140
6281709
6282274
6282837
6283397
6265833.04
6266364.14
6267250.32
6268126.31
6269001.14
6269874.41
6270745.32
6271613.42
6273558.982
6274436.107
6276172.975
6276172.975
6266915
6267456
6267997
6268926.667
6269853.479
6270777.243
6271697.759
6272614.842
6273483.106
6274351.371
6275169.863
6275986.961
6276850
6277616.884
6278429.663
6279240.958
6280530
6281189
6283679
6284616
6285195.145
6285755.45
6286316
6268538
6269079
6269619
6270433
6271245
6272056
6272866
6274483
6275290
6276901
6286311
6270160
6270701
6271242
6271604.647
6272259.596
6272935.231
6273630.403
6274343.929
6271767.153
6272315.19
6272717.386
6273136.249
6273574.092
6274034.446
6274513.106
6275012.859
6275571.779
6276134.386
6276600.225
6277079.066
6277568.078
6278095.002
6279161
6279695
6280232
6281314
6281859
6282406
6282956
6283509
6284064
6284621
6285181
6285743
6286307
6257178.13999999
6245489.91
6256554.46999999
6258436.5
6257449.08
6255936.33999999
6250361.78





6269393.05999999

6240016.24
6237289.15
6237517.42
6243365.02
6243243.06
6243121.43
6233433.75999999
6236480.55
6236649.12
6236818.04
6231590.78
6231393.79
6231195.89
6230387.62
6230353.5
6230319.12
6230284.8
6235466.15
6235283.89
6235102.19
6234919.74
6234737.86
6229023.62
6229226.1
6229429.25
6247214.5
6247360.51
6239002.89
6239082.29
6242300.56
6242105.95
6241910.96
6239241.26
6239162.13
6246417.84
6246617.35
6246817.61
6247017.32
6247217.03
6246662.77
6246881.52
6247319.93
6247100.84
6234777.16
6241168.85
6240987.72
6240806.2
6229632.25
6237062.83
6235737.43
6235589.91
6235442.67
6252537.54999999
6239037.73


6197170.61
6203076.76
6203276.59
6203476.67
6203678.75
6203878.82
6203010.34
6203210.65
6203410.58
6203610.6
6203810.96
6199692.737
6199104.2
6198925.63
6204046.3
6204295.32
6204545.16
6202862.37999999

6196778
6196725

6195824.25
6252847.29
6252914.72
6264035.04
6249975.6
6250421.79
6250284.05
6260982.58
6261126.93
6261271.89
6261416.28
6261561.35
6260323.7
6260419.79
6260611.25
6260707.09
6263872.76
6264002.56
6264131.98
6264262.07
6264391.18
6264856.87
6264920.92
6264985.12
6265049.86
6254191.77
6254039.23
6253877.27
6273420.39
6273313.68
6273207.77
6273100.56
6275429.98
6275339.31
6275248.96
6275158.23
6275067.73
6267398.27
6267101.96
6266805.86
6267168
6266870.76
6270278.57
6270429.27
6270581.89
6270732.5
6270882.72
6256074.8
6256170.7
6256353.41
6256264.76
6277853.2
6277670.6
6277487.51
6277851.19
6277660.82
6276515.8
6276273.28
6276031.29
6275788.99
6250934.36
6262606.44
6262384.21
6262509.43
6262309.07
6255664.02
6255861.96
6256059.81
6260515.46
6250834.18
6270201.05
6254489.63
6254296.54
6254102.18
6254327.98
6254228.68
6254163.39
6262969.11
6281263.38
6280649.34
6281111.75
6281162.66
6280699.34
6280750.57
6281212.84
6280800.52
6282039.42
6282089.52
6282551.8
6282602.39
6282652.82
6282703.25
6282139.47
6282190.29
6281676.66
6281727.22
6281574.52
6281625.84
6279722
6279773
6279823
6279874
6279918
6280186
6280237
6280287.22
6280337
6280383

6270042
6269814.17
6269586.33
6269358.5
6269130.66
6268902.83
6268675
6251723
6251751.5
6251780
6250280.86
6252656.78

6270506.837
6270632.878
6270758.919
6270884.959
6271011
6271137.041

6265010.45
6266034
6265892
6265750



6240765.75
6241096.097
6241090
6240955.43
6237010.52
6236719.56
6237010.52
6237249.59
6237582.42
6234591.94
6234988.573
6234967.57
6235002.931
6234940.564
6234879.157
6234694.107
6234631.257
6234569.826
6232272.56
6232499.62
6232725.72
6209348
6208253
6208416
6230765.03
6218736.92999999
6233488.08999999
6232912.4
6227573.03
6231229.37999999

6227557.58999999
6232291.25999999
6224820.88999999

6222608
6184934.49
6184710.87
6184486.89
6185789.36
6185476.05
6185170.42
6184841.71
6184536.05
6185470
6202065.48
6203842.19
6203150.07
6189585.26
6189951.95
6189709.66
6189459.22
6177761
6177461
6177160
6176860
6176559
6176259
6175658
6175358
6175057
6184239.66
6189005
6185157.49
6175959
6221417.97
6221283.96
6221150.08
6221015.82
6214281.28
6214403.05
6214524.83
6215761.74
6215924.34
6214301.42
6214531.27
6214761.16
6216086.52

6222611
6222608
6214643.63999999
6238395.45
6238874.26
6238637.35
6239179.74
6239359.25
6239538.91
6239718.68
6239898.22
6240781.38
6240878.88
6240976.07
6238485.16
6238450.28
6238414.05
6236698.11
6236997.3
6237190.17
6237254.98
6208744.97
6237061.24
6237125.87
6237801.91
6209403.79

6325717.94
6237546.28
6240850.29


6221756.37
6221548.19
6221652.15
6220673.47
6220406.81
6220369.33
6203850.37
6201124.69
6203579.68
6191796.28
6197641.83
6197827.37
6197456.9
6216415.65
6216528.24
6216182.76
6216137.29
6216089.91
6215388.73
6215191.88
6214995.56
6214796.52
6215785.47
6215587.1
6234191.94
6234117.2
6234044.26
6207571.61
6225635.76
6225655.33
6207302.07
6201228.07
6228151
6228326
6228501
6203756.09999999
6221666.01999999
6203059
6203354
6203649
6203944

6194635.88999999
6217154.30999999
6202615
6202288
6196681
6196881
6197293
6197293
6197509
6197709
6195396.23
6199951.76999999
6224286.46999999
6216133.33999999
6185404.29
6185264.84
6185125.23
6184817.78
6185095.66
6184816.93
6184676.87
6184985.39
6184956.08
6184509.58
6194095.33
6191474.58
6191504.08
6191610.38
6191718.71
6191584.37
6185654.57
6185028.35
6184819.32
6185115.22
6184906.4
6184697.37
6184993.44
6184784.42
6184574.46
6184870.91
6184661.91
6184453.01
6184749.04
6184539.81
6184330.85
6184504.86
6186940.08
6186678.61
6186724.43
6184626.82
6184208.57
6191570.94
6191444.97
6191318.28
6184418.98
6184086.26
6206515.51
6222217.92
6213565.19
6214914
6212697.12999999
6214332.07
6204702.65
6219082.03
6219118.26
6222669.73
6222753.66
6222923.83
6204786.95
6207183.39
6206381.54
6206241.03
6206730.88
6206180.75
6206871.82
6206614.17
6206859.33
6206988.18
6207000.27
6206578.11
6207128.84
6206706.59
6206602.76
6206449.94
6206309.16
6205923.71
6206719.01
6206847.51
6206296.72
6206590.77
6206052.41
6206473.59
6206322.06
6205783.32
6206333.08
6206462.09
6206192.9
6206426.66
6206566.56
6205911.72
6205654.41
6206437.83
6206168.22
6206040.17
6221208.67
6221011.3
6221138.28
6205678.71
6205818.95
6206100.37
6206216.94
6206088.7
6206357.44
6206228.62
6205807.29
6214694.13
6214821.07
6214565.3
6212786.17
6212661.04
6212552.1
6223347.07
6223262.27
6223177.75
6223093.15
6223008.41
6223968.54
6223883.8
6223799.43
6223714.69
6223630.23
6223545.48
6223460.84
6210941.92
6219040.26
6215771.05
6231110.93
6231379.39
6231647.55
6231916.73
6232190.1
6230792.8
6231070.95
6210617.62
6210975.49
6231331.59
6231600.59
6231868.61
6207313.27
6216847.28
6212245.37999999
6220538
6220275
6220312
6208813.96
6208156.71
6205197.01999999
6201620
6201886
6202152
6215080
6215144
6215214
6215282
6207241.16999999
6200876.21

6220384.65
6220065.65
6219748.36
6219428.66
6219119.65
6203473.25999999
6190121.7
6190470.35
6190791.65
6190503.95
6190870.65
6191162.65
6194137.66
6194478.35
6194615.65
6194743.95
6194090.65
6194217.95
6194351.35
6194480.35
6220755.14
6220945.65
6221136.79
6220372.65
6220564.35
6206962.15
6210725.39
6211008.07
6211305.17
6211595.87
6211885.342
6210730.99
6211626.69
6211936.48
6212232.04
6189428
6189656
6189885
6190113
6190341
6190570
6190797
6206574.94
6206934.62
6207295.01
6207163.97
6207598.63
6208033.29
6208467.95
6207716.02
6208268.07
6192151.12
6211327.63


6194667.79
6195666.28


6183918.73
6195040.37999999
6193923.21999999
6184629.04
6188504.84999999
6194476.54


6189557.9
6189875.1
6190192.4
6189470.7
6189809.7
6189127.1
6186606
6186957
6187308
6186670
6187021
6187373
6190611.107
6190384.795
6190157.006
6189930.201
6189704.769
6189477.01
6189203.229
6190087.71
6189860.655
6189629.366
6189404.13
6189174.972
6188946.05
6218113.13999999
6206444.09999999
6217438.74
6200877.58999999
6224649.41999999
6200408.99
6200408.99
6210775.15
6206121.21999999
6225548.54999999

6228094.51999999
6217434.12

6204164.91999999
6212959.50999999
6216865
6201644.11
6220654.2
6211498.38999999
6211473.46999999
6215522.51999999
6206734.87999999
6213970.87999999
6212009.73
6217616.29999999
6226180
6226439.407
6226698.958
6226962.966
6227232.877
6227498.125
6207802
6207695
6207588
6218682
6218709
6218744
6218775
6216000
6216175
6216350
6216525.67
6216700.85
6216876.22
6217051.15
6217226.52
6217401.45
6217577.07
6217752
6216313.871
6216494.37
6216674.44
6216854.51
6217034.58
6217214.99
6217395.39
6217575.46
6217755.53
6217935.6
6218116.35
6208170
6208431
6208693
6220184
6219865
6219545
6219225
6218906
6205738.88999999
6202223.66
6212046.78
6202349.01999999
6210082.98
6227169.00999999
6210755.96
6223508.83
6232192.65

6220772.15
6207727.58


6211031.22






6211626.69

6192644.55999999
6220090.87999999
6196021.9
6215846.96
6211983.5

6178858.56
6177145.25
6176767.83
6181756.96
6176575.92
6176385.4
6178400.56
6182080.73
6182162.01
6177408.24
6181408.17
6176285.67
6176498.76
6176714.41
6182121.88
6187270.55
6187495.37
6187022.45
6187150.79
6183039.77
6185373.83
6188467.57
6188508.3
6188328.91
6184302.81
6184415.28
6190199.3
6190067.63
6184551.71
6190280.35
6189983.7
6195289.68
6195028
6192542.78
6187169.49
6182965.21999999
6176404.12
6187629.21
6191635.85
6191490.83
6191654.31
6187801.26
6181933.28
6194448.55999999
6190240.91
6178792
6172166.88999999
6173120.94
6181041.16

6192191.46999999

6306808.17
6294081.42
6303599.77
6303003.97
6295928.34
6295829.32
6295730
6293520.99
6297025.86
6294695.54
6288328.41
6288447.81
6293956.97
6306226.79
6306076.53
6294957.96
6295119.8
6288209.11
6288833.55
6288887.56
6288860.34
6293275.14
6293105.43
6284880.29
6285246.94
6289790.33
6289580.97
6283543.29
6283919.69
6283732.3
6301728.09
6302121.1
6301529.07
6301914.72
6290216.04
6290003.86
6285063.72
6286557.17
6286798.06
6287037.76
6285614.54
6285430.59
6305670.14
6305821.22
6305971.32
6284480.49
6284688.36
6301706.47
6298874.21
6298702.87
6300726.92999999
6301906.41
6298172.43
6298033.62
6300226.43
6290112.62
6290312.59
6290512.07
6300140.11
6300051.76
6292424.18
6292253.9
6292085.91
6294058.08
6294233.07
6294407.99
6288083.18
6287915.97
6309745.16
6309505.02
6288207.6
6287913.21
6291949.03
6292164.4
6292381.31
6303498.27
6303735.43
6292799.78
6292996.95
6303297.24
6287429.04999999

6291340
6291026
6290760
6290541
6290408
6290361
6301859.74
6308229.07
6301800.50999999
6301237.87999999
6297080.63999999
6292349.96999999
6295102.11

6291868.33





6288627.86
6296436.74
6289080.9
6302137.46999999
6299509.91999999
6302617.19
6307815.95
6305049



6285682.83999999
6292165.2
6295980.07
6294552.07
6294272.11
6299453.25
6298994.41999999
6283774

6299625.11
6297546.71999999
6289594.96999999
6284344.95

6299109.04999999
6298910.75999999
































6275677.44
6285197.29
6289417.83
6270641.18
6285933.92
6274473.69
6280758.66
6277669.98
6293716.8
6271308.85
6272764.61
6272731.28
6295609.09
6269095.57
6269127.1
6271008.32
6273216.93
6273343.16
6277150.45
6285391.96
6286884.14
6284352.33
6280474.21
6288715
6291523.75
6287405.09
6287405.25
6276144.18
6278146.13
6276481.78
6280385.98
6284810.05
6278905.67
6278106.09
6279384.51
6273757.51
6278425.92
6281252.65
6272980.77
6286197.08
6273203.98
6278585.86
6276904.24
6282962.63
6282944.13
6278529.95
6288025.02
6288079.66
6285195.32
6286266.58
6277992.63
6284403.66
6285276.98
6285206.27
6278172.02
6278351
6285059.3
6284987.57
6271827.46
6270004.23
6270155.45
6274515.35
6272563.93
6278708.52
6278888.4
6272395.95
6284592.77
6284483.14
6272281.2
6272448.84
6272227.89
6272615.89
6281861.24
6282042.96
6282406.68
6282223.92
6285493.49
6276761.9
6276781.96
6276842.55
6276822.43
6276801.86
6276882.58
6286231.73
6276742.57
6276862.36
6279065.72
6279225.46
6286162.97
6278746.39
6284702.92
6288789.85
6289036.74
6285909.16
6286457.97
6286046.82
6286321.11
6288913.7
6286184.13
6286595.96
6270015.74
6270231.07
6270447.74
6290518.04
6290716.02
6290916.64
6291115.28
6275304.99
6275084.41
6275194.61
6270288.4
6270484.5
6270681.28
6278474
6290695
6290491
6290286
6290082
6281487.9
6281778.2
6282073.3
6282368.4
6282663.5

6290718.07
6290982.81
6291247.54
6291500.21
6288473.32
6287902.03
6284825.29999999
6271046.03
6289907.41999999
6287105.46
6282125.95
6284841.4
6280138.5
6284435.61
6274589.19
6274952.46
6291485.79999999
6278718.74
6285477.65
6279726.96
6279466.87999999
6280460.69



6281898
6281694
6281490

6308218.73
6317164.72
6316314.26
6316235.4
6309439.59
6309435.88
6309430.71
6310726.98
6314118.12
6314039.2
6313834.93
6313633.77
6317259.86
6317264.7
6316981.11
6329374.45
6329252.76
6329142.17
6329032.87
6328931.44
6325122.46
6329741.92
6321190.8
6322436.49
6310621.16
6317171.7
6315588.45
6320640.8
6320515.95
6320831.94
6316904.79
6317123.23
6316092.6
6316122.41
6316062.17
6319646.66
6317472.18
6319753.33
6318306
6309368.81
6329617.85
6329494.96
6316411.15
6323691.83
6323792.67
6323892.83
6323993.4
6324094.01
6325398.46
6283454.26

6283811.22
6291929.46
6295366.07
6318284.53
6304293.25999999
6295270.6
6287406.19
6299175.21
6299895.23
6313749.91
6295494.27
6293865.55
6313990.88
6313996.29
6292181.14
6301803.73
6293305.92
6289507.94
6289218
6314251.77
6313602.65
6293961.05
6294074.33
6306112.48
6284335.64
6304554.09
6307994.61
6306881.33
6296984.57
6314411.11
6314144.44
6301210.33
6287202.5
6304840.54
6306499.27
6306522.1
6288185.21
6309627.2
6292903.58
6293104.1
6293503.71
6293702.66
6301029
6302934.15
6303110.95
6293902.53
6303858.36
6304040.98
6287062.42
6306290.46
6308087.26
6307923.17
6307603.88
6307763.37
6293304.06
6291277.37
6303274.81
6303161.63
6292709.94
6296257.28
6296389.81
6296299.24
6296208.79
6296214.36
6296348.64
6296125.17
6296035.15
6296166.59
6296076.1
6308011.04
6294091.64
6303866.89
6303819.85
6303509.65
6303462.29
6299141.12
6287937.21
6287227.78
6286741.01
6286508.54
6285984.09
6286584.41
6284793.44
6284170.83
6284002.95
6287768.92
6286220.46
6292453.3
6292249.36
6291414.64
6290795.87
6323591
6323491.05
6315050.56
6315224.9
6319685.52
6319969.68
6320256.65
6320535.02
6320816.24
6321091.16
6300071.02
6302422.54
6302139.68
6298359.86
6302435.54
6298179.72
6302287.66
6299855.77
6300286.09
6298539.75
6300059.46
6300336.77
6315399.43
6315573.57
6314764.63
6287889.8
6287653.35
6287418.11
6287181.89
6286945.57
6288123.55
6316004.37
6317249.48
6292047.08999999
6287560.71
6321256.36
6318837.73

6290994.05999999
6291754.82

6292369.03
6327125.79999999
6305424.21999999
6323336.04
6284290.16999999
6293657.42999999

6288839.25
6313022.7
6304519.84999999
6317682.03
6304347.75999999
6297766.37
6285657.44

6303468.49
6298836.82
6286865.80999999
6299910.49
6298588.26999999
6298417.61
6304767.08
6315854.82

6286801.94
6289441.53
6294571.04999999
6299505.25999999
6296976.33999999
6296976.33999999


6321568.45
6288559.46
6299910.49
6324334
6286366.4
6285854.79999999
6298346.58999999
6292729.16

6288321.71999999
6316239.66
6315865.62

6297331.62
6301312.63999999

6289342.41
6291345.58999999
6289448.41
6292641.24
6306034.67999999



6292408.25999999
6311799.67999999

6309719.95
6323300.71
6304371.99
6307493.11
6319053.86
6289044.25


6322968.78
6323126

6319702.58

6310512.78
6285479.29999999
6291481.57
6286689.67999999
6289533.54
6297641.54
6284247.58999999
6314815.24
6314689.58
6290556.84999999
6287200.76999999
6316042.78
6288346.19
6304310.58999999
6317567.92999999


6286395.75999999
6298197.32
6314319.91
6318990.25999999
6320128.91
6317937.21
6301243.37

6316919.84999999
6318952.71
6314787.45
6314263.4
6326758

6318093.29999999
6317757.87999999
6317757.87999999
6319278.24
6320687.71999999
6318950.33999999
6319690.41999999

6291741.58

6313822.59999999
6293846.17999999
6318376.86
6286310.21
6317145.63999999
6322212.7
6321706.59999999
6319819.4
6322043.08999999
6299728.7
6294596.32
6288733.94

6316243.44

6288978.25999999
6306003.61
6294429.71
6291052.48
6291599.76999999
6316971.34999999


6291376.83

6290449.41
6319945.29999999

6320868.24

6300696.29999999































































6289431.71















6344915.91


6171176.68
6171228.02
6178385.864
6178377.38
6178368.59
6179564.7
6179387.41
6179207.27
6179027.14
6178846.99
6178665.89
6178484.8
6178302.74
6178119.75
6177937.7
6178361.1
6178353.59
6178232.93
6178113.34
6177755.66
6177571.69
6177388.7
6177205.7
6177023.64
6176839.69
6176657.64
6176475.59
6176293.54
6176112.45
6175792
6175594
6175990
6167336.84
6167484.4
6167632.03
6167250.07
6167215.41
6167277.38
6167832.23
6173326.02
6169597.29
6196241.93
6196370.4
6193645.96
6194560.33999999
6193514.06
6218205.33999999

6215807.15
6199822.58
6199963.73
6200105.32
6199489.24
6199331.41
6199173.67
6196339.55
6197559.33999999


6180334
6182654.24
6189356.07
6189427.54
6189376.13
6186044.57
6187765.7
6191489.23
6186304.9
6183027.83
6187752.73
6187101.23
6164047.55
6163964.61
6163883.59
6163407.08
6163554.46
6165768.11
6156964
6156832.45
6156698.24
6156733.99
6156769.89
6153370.36
6147664.15

6206961.7
6206858.54
6206753.96
6206649.45
6208528.93
6208539.35
6208460.81
6207438.21999999

6168923.22
6168826.76
6168730.3
6163918.49
6160519.59
6171194.84
6175799.5
6175236.32
6174352
6167867.15
6160013.43
6159908.13
6175305.51
6173990.7
6175477
6175328
6160086.86
6160116.32
6158890.38999999
6218214.9
6222715.25999999

6197377.66
6197190.27
6197026.85
6195686.95
6190834.91
6196625.02
6203465
6204759.66999999
6204032.21999999
6204216.49
6199349.33
6192981.65
6190711.85
6193562.84999999
6197448.49
6191065
6202155.17999999
6191713.17
6191763.05
6191814.81
6195253.99
6182928.25
6183029.64
6183130.03
6189509.19
6193294.09999999
6204436.7

6205313.08
6189388.25999999
6170338
6170343.71
6170346.2
6179145.68
6179019.68
6178896
6175997.89
6175888.03
6175777.73
6183057.5
6179003.61
6178883.07
6182857.33
6182639.92
6185007.18
6184927.55
6184848.03
6184768.67
6184688.69
6185087.04
6163417.78
6163542.27
6181018.78
6184191.45
6180971.94
6163177.44
6179119.77
6169792.34
6169923.98
6169658.68
6182658.77
6183040.48
6182840.89
6170411.5
6170306.8
6170203.72
6169604.15
6169744.52
6169881.97
6171294.78
6171148.68
6171002.66
6164157.56









6325528






6323735
6324928




















6331388.193
6331226.074
6330981.59



6250470.78
6250632.83
6244667.73
6254226.3
6254293.26
6254360.69
6248302.81
6248524.39
6248747.14
6248969.79
6249193.17
6251348.72
6251368.12
6251390.77
6251412.86
6251433.03
6243514.74
6243578.92
6252177.26
6252312.01
6252452.01
6252587.81
6260334.59999999
6260356.88999999
6265348.05
6269458.63999999
6242491.2
6242306.86
6247458.36
6247261.62
6247359.13
6267115.24
6257117.16
6253456.99
6258150.23
6257974.21
6258162.84
6254347.1
6253157.89
6252993.12
6253650.82
6258180.19
6263939.06
6263752.59
6264124.94
6249123.96
6248970.41
6245624
6245856
6279743.3
6279968.7
6278897.09999999
6276086
6276344
6256004.88999999
6256733
6256466
6261412
6261790
6262168
6246604.46999999
6263816.16999999
6248819.98
6239943.94
6273262.16999999




6261624.66999999


6348508.12
6352325.08
6344567.54
6331623.16
6337239.76
6330491.8
6346532.92
6345794.49
6335616.04
6345019.31
6344833.79
6344645.16
6344271.98
6344088.79
6344458.2
6343904.89
6332038.15
6332374.87
6332066.14
6332401.43
6345666
6332233.7
6332206.37
6332203.87
6332451.87
6332699.38
6342461.125
6342609.787
6342758.849
6342907.711
6346736
6346727
6346719
6346710
6352715.62
6347316
6342668.71
6342362.29999999

6350806.30999999
6351888.15
6351327.34999999
6343216.66999999

6348176.86
6348715.13999999
6353608.61
6347626.30999999
6347626.30999999
6330798.50999999
6339260.34999999
6353416.73

6336946.75
6345666
6352426
6346453.61
6351684.62999999
6355692.33999999
6348575
6345723
6354057.29
6348648.5
6333274.41999999

6333193.42999999



6343047
6343168
6343302

6336638
6336681
6336783
6336941
6337150




6342789
6343227
6343664
6342941
6343379
6343816
6340864.41999999
6341635.63999999
6400558.08
6365977.42
6366128.15
6369749
6369381.31
6361021.03
6363215.67
6362860.89
6354299.19
6357949.05
6358714.79
6359727.92
6359544.89
6359362.03
6359487.76
6359305.07
6358273.38
6384706.96
6384511.85
6384317.11
6384468.74
6384663.35
6382570.79
6382697.04
6382353.46
6382480.01
6382605.3
6350269.72
6349147.95
6351796.03
6351964.01
6352133.54
6339389.51
6339159.57
6338928.5
6338698.6
6370741.4
6400280.46
6400421.63
6352086.33
6352257.1
6352427.75
6368276.11
6368073.21
6367870.36
6367668.72
6369747.44
6353008.12
6353303.58
6350674.92999999
6351605.65

6353076
6352781
6367891.96


6357524.62999999

6342503.50999999
6359719.48
6340565.62999999


6361594.50999999
6363892.15
6349392
6367891.96
6356834.25
6356834.25
6368459.45
6354384.46
6348245.92999999
6363474.50999999


6373779.88999999
6359285
6359442
6359600
6359757
6355426.54999999
6367171.75999999
6337852.92999999

6363892.15
6293886.95
6319453.78
6319306.75
6319159.21
6318865.59
6319012.29
6318718.15
6318564.66
6318410.82
6318257.08
6318103.65
6307437.21
6310510.78
6313989.82
6308962.32
6307381.58
6309935.14
6294045.88
6297793.81
6290415.56
6292176.67
6305667.47
6304295.05
6304374.01
6304696.53
6293097.09
6290651.27
6290655.39
6311873.73
6311901.47
6293209.48
6292895.77
6292568.73
6292414.45
6293550.17
6293420.41
6288669.42
6296184.71
6294754.86
6288430.31
6288473.66
6288515.31
6288728.81
6288687.38
6288643.88
6294895.55
6295090.29
6294996.55
6295191.74
6314279.27
6314401.36
6314084.19
6313888.47
6313693.92
6312085.84
6304456.44
6304383.17
6304309.83
6304317.19
6304116.5
6304162.47
6286940.15
6286715.73
6286490.81
6306651.38
6306466.04
6306280.15
6282233.73
6282363.29
6282493.87
6282624.65
6311220.67
6311123.88
6304223.65
6304084.96
6303946.11
6307479.06
6307210.69
6307344.78
6312574.01
6312403.86
6306121.72
6305939.13
6304562.22
6304489.23
6304526.46
6304454.24
6308297.94
6308167.28
6301900.38
6301794.09
6301689.32
6311662.68
6311478.94
6311688.89
6317666.03
6317795.06
6317923.6
6318052.7
6318181.68
6318297.19
6318440.77
6293270.41999999
6292220.05
6292212.65
6292209.95
6292210.65
6292202.95
6292200.17
6282945.66
6282628.35
6282310.65
6281991.6
6300324
6300064
6299805
6299546
6299364.92999999


6290961.37999999
6292984.63999999
6309336.16

6292722.50999999




6313289.9

6308577.11


6293543.25999999
6309485.41999999
6299669.05999999







6348332.43
6306000.81
6303406.66
6283088.54
6305941.33
6305841.34
6305739.95
6291169.7
6290997.32
6309477.16
6309646.04
6309302.19
6312360.66
6312180.07
6311999.46
6287257.12
6287441.38
6287624.38
6287808.18
6301343.94
6301580.86
6301818.43
6302117.36
6301880.3
6301643.07
6292082.22
6291342.94
6309817.59
6298204.98
6291418
6291756.4
6292090.3
6292556.97
6292221.09
6301586.46







6291302.69
6297980.30999999
6287641.55999999
6304252.71

6311675.74



6283573.74
6281078
6281227
6281547
6281398

6280391.35
6283392.59
6283298.59
6291189.3
6284725.39
6284695.45
6285748.11
6285688.32
6284188.36
6284201.04
6283146.65
6283169.44
6283192.47
6283215.61
6283237.72
6283055.03
6283061.01
6287596.85
6287631.5
6286943.62
6286781.04
6295021.73
6294410.5
6294047.78
6294353.54
6294659.22
6294964.45
6294106.21
6294716.19
6274165.04
6274157.8
6274150.79
6274144.82
6274137.44
6269757.25
6269734.03
6269710.21
6269686.68
6281605.25
6284652
6284374
6284075
6283818
6283656
6276604
6276862
6277120
6291725.71
6276202.58999999

6285699
6294050.37999999
6294050.37999999
6273885.62999999
6288823.05999999
6290820.4
6276819.37


6281376

6268570.66999999
6275028.61
6276440

6269379
6269695
6270012
6269808
6270125
6270441
6331029.41
6323568.92
6323476.87
6322872.74
6330837.64
6330369.07
6320209.39
6320111.15
6321081.93
6320020.41
6319931.09
6320298.64
6320305.85
6320313.14
6320629.55
6320702.97
6322476.42
6322381.38
6322390.51
6322563.95
6322295.36
6319822.12
6319678.77
6319537.08
6319829.64
6319688.55
6320204.32
6320116.51
6320031.83
6320508.62
6320318.94
6328814
6326518.19
6326701.63
6326719.59
6326904.57
6327087.49
6325861.79
6325888.5
6325801.72
6327789.68
6327975.96
6333897.96
6327457.01
6327374.99
6327537.56
6327699.56
6328992.2
6328957.61
6328922.93
6328888.17
6328853.75
6331164.8
6331040.2
6331233.46
6331096.94
6330971.78
6330846.32
6330778.48
6330904.84
6330619.75
6330404.17
6331150.04
6331329.9
6331510.07
6331690.21
6331212.98
6331392.4
6331572.67
6331752.53
6331275.33
6331454.9
6331635.46
6331815.07
6331337.96
6331518.1
6331877.59
6331400.49
6331580.29
6331760.69
6331939.98
6331463.48
6331643.11
6331823.01
6332002.78
6347640.64
6347531.97
6347423.32
6347442.41
6347337.38
6347232.67
6354085.98
6354162.77
6354246.24
6354335.64
6354424.89
6354513.69
6343611.8
6343660.14
6343708.46
6343470.92
6343518.94
6343567.22
6343378.27
6343426.48
6343189.17
6343237.45
6343048.36
6343096.51
6337385.38
6337424.73
6332732.65
6332574.58
6345401.38
6345030.75
6336086.5
6320612.65
6320776.95
6320944.35
6321110.25
6321279.65
6334454.04999999
6344620.94
6332027.2
6325637.96
6327513.95


6346406
6346162
6345918
6345674
6345430
6345186
6340759.36
6326877
6336830.01999999
6332781.84999999
6351243.75999999
6325893.92999999
6333359.59999999
6328847.74
6331452.53
6331452.53
6325114
6324905
6324702
6324496
6324290
6324084
6323878
6323672
6325557
6325351
6325145
6324938
6324732
6324526
6324320
6324114
6323908
6323702
6323496
6323290
6325320
6327002.59999999
6325526
6339909.7


6351400.07

6323820.32
6344271.4
6344271.4
6329614.87999999
6330460.79999999
6324362.48
6343367.65
6348946.16

6329830.50999999
6328954.13999999
6335409.38999999
6350396.41
6320918.82
6338755

6332596.7
6353641.29
6354403.13999999









6314261.88
6310338.83
6310228.59
6311303.06
6312831.84
6312784.39
6316275.67
6316385.64
6316139.71
6315778.32
6315898.2
6315700.94
6316104.25
6315903.33
6316161.18
6315972.42
6315782.78
6308784.97
6308946.85
6313740.76
6313719.81
6319489.84
6319268.23
6319046.74
6318825.36
6319350.09
6319127.73
6318906.65
6312581.03
6312752.86
6312632.77
6312803.68
6312975.22
6313146.92
6312856.29
6313026.72
6313198.05
6313369.88
6313249.08
6313420.36
6324722.37
6324641.97
6322286.27
6328281.43
6327835.99
6327779.94
6320798.52
6338346.03
6320690.01
6338523.39
6321977.98
6322057.34
6337582.27
6338855.72
6338844.38
6343114.78
6342842.73
6342570.64
6342958.63
6342686.52
6342414.49
6343074.64
6342802.49
6342530.32
6342918.72
6342646.28
6342374.03
6343034.25
6342762.14
6342489.81
6339581.28
6339856.01
6340130.93
6339436.34
6339711.41
6339985.24
6340261.33
6340537.53
6339566.69
6339842.17
6340116.25
6340392.8
6340667.84
6340407.36
6339305.89
6337724.93
6337960.06
6337490.08
6337255.19
6337019.92
6338030.65
6337796.66
6337562.01
6337327.14
6337091.92
6338102.88
6337869.4
6337634.28
6337399.06
6337164.17
6327735.18
6327593.16
6327450.18
6327604.19
6327756.13
6327908.88
6328062.5
6328129
6328242.74
6328078.63
6328191.71
6324221.56
6324496.17
6323958.26
6323696.19
6324396.4
6324133.84
6323870.92
6323607.45
6329091.85
6329247
6329401.3
6329470.75
6329625.76
6322246.22
6322087.04
6321930.96
6325382.95
6325593.81
6325804.14
6326261.95
6326523.5
6326785.48
6318568.9
6318697.93
6318828.89
6318956.37
6319085.56
6319216.52
6333408
6333275
6333142.5
6333009.5
6332877
6332744
6332611.5
6311665.25

6318872.92999999




6318742.44


6328157.29
6321373.05999999
6342312.78
6314705.74
6332364.59999999
6331765.57





6331602
6331730
6331857
6331985
6332113
6332240
6332365
6332489

6329296.36



6370243.56
6370289.44
6362867.87
6362843.72
6362819.65
6362795.32
6362731.51
6362707.53
6362683.06
6362659.05
6359150.03
6359214.98
6365585.51
6365715.76
6365861.92
6365977.73
6366090.23
6366205.09
6360149.72
6359981.06
6359894.84
6359727.13
6370366.54
6370272.7
6370526.14
6377776.99
6377971.42
6378165.78
6377660.05
6377854.64
6378049.32
6380182.05
6380130.72
6380011.67
6379960.38
6379841.01
6371671.83
6371933.56
6364814.09
6379304.47
6379120.37
6379095.47
6362080.78
6369133.1
6368933.23
6368732.6
6368533.53
6361537.38
6361748.17
6361640.04
6361429.43
6368942.08
6368747.21
6368553.55
6368359.24
6368165.28
6382555.99
6381589.32
6381589.59
6381589.78
6381590.03
6370148.28
6370049.14
6369950.37
6369850.96
6370251.51
6361524.49
6361225.13
6361415.7
6361604.25
6361792.68
6361981.74
6362457.95
6384530.14
6384357.48
6376846.37
6376062.43
6375993.1
6375842.76
6375773.09
6375622.52
6375553.07
6362526.77
6362438.52
6362350.28
6362262.92
6362174.73
6362327.51
6362239.13
6362151.11
6362062.92
6361975.17
6358178.36
6358107.16
6357911.21
6357840.56
6357643.89
6357573.75
6359448.65
6356404.63
6352573.49
6354495.51
6355984.81
6355819.24
6355654.05
6355488.36
6355322.97
6355157.14
6354991.47
6354825.98
6376600.37
6355632.58
6364745.08
6360053.82

6353004.05999999
6381481.87
6361789.87999999
6381600.25
6349145.74
6356975.61

6356897.62999999
6358261.08

6355712.12999999
6357774.91999999
6364959.75
6371888.24

6357062.71999999

6377130.33

6364092.98


6371213.65
6371775.63999999
6375709.67999999
6372381.71

6371642.01999999

6355799.46999999
6360840.08999999
6364516.5
6355379.05999999
6354524.4
6364693.07
6382550.46999999
6360121.23
6381506.92999999
6361792.94
6366985.45
6359101.76999999
6382304.91999999
6359669.83999999
6359166.79
6380096.54
6362760.54
6381003.79
6366730.67999999
6379199.66
6358385.38999999


6376259.80999999
6371385.19
6364988.53
6364527.21999999
6373390.62
6368016.00999999
6364640.01999999
6370114.86
6373467.48
6361561.09999999
6360394.08999999
6361998.51999999
6361282.98

6362944.91999999
6361661.25
6361982.2
6368533.65
6379046.80999999


6361644.54






6373234
6372842
6372478
6359546
6359871.3
6360196.5
6360521.7
6360847





6366046
6366326
6366606
6366887
6367167
6367447





6375774.34999999
6367860.53
6367969.5

6377225.83
